-0.297587463895
-0.586565129345
0.214076046659
-0.709398028884
-0.0444511601333
-0.0519980526901
-0.0744971385494
-0.977907835264
-0.958496956039
-0.400440077765
-0.516009135058
-0.682410420568
-0.185169276305
0.0240253086812
-0.199220918902
-1.27990868434
-0.328844391366
-0.0778880336455
-0.319641115696
-0.215532442469
-0.0965699555626
-0.271388843041
0.125332410728
0.174464334233
-0.535511283923
-0.311634453261
0.0172884288208
0.131135254721
-0.0361731836216
0.18468540073
0.0930275051579
-0.509267984447
0.00744637200444
-0.498218566894
-0.86594299635
0.00399414219965
-0.15817606253
0.0447214093001
0.318770158705
-0.892065932392
-0.24485885415
-0.343795714966
-0.376304870655
0.251859850817
-0.199086456118
-0.717611763212
0.0525431994921
-0.19052291541
0.270925465799
0.0656836994128
-0.218357240121
0.106929563561
0.750603724806
0.150852894779
-0.164692332963
-0.358890810982
-0.5158725123
-0.683305586415
0.152401690208
-0.496710142834
-0.383750807808
-0.453160474528
-0.930968232027
-0.473298849389
-0.250332893192
-0.43512788605
-0.170983359784
0.139446427551
-0.108909239803
-0.220350890335
-0.0701598524044
-0.218887871766
-0.18186226472
0.108992956674
0.00425698301856
-0.283481412474
-0.306441731471
-0.441970974449
-0.315178214569
-0.384128097127
0.0701505221393
-0.187582077448
0.170011423584
-0.369266054595
-0.408009606412
0.132496878273
-0.0909234454848
-0.41058200127
-0.404714270751
-0.202756405332
-0.152303718457
0.752064588161
-0.376136273607
-0.383020266624
0.0608605840343
-0.185719228694
-0.563374521505
0.0529166211712
-0.582960244406
0.0391478066974
-0.0819017029043
0.00652559276305
-0.737291169656
-0.0827226868751
-0.138470231709
0.421502240914
-0.0642863751785
0.1442976226
-0.502385945088
0.19574450246
-0.283130366608
7.09836944771
-0.274159947627
0.414541310903
0.22026518013
-0.097797189335
2.92356592446
-0.779611975877
-0.250863158229
-0.427104161244
0.18029948897
0.271607616251
0.315610742739
0.138509120774
0.0347861815585
0.232405237264
-0.334200036502
-0.180970452309
-0.178686978257
-0.0918655372163
0.0451974956356
0.450289920648
-0.170062677353
-0.170469063641
-0.65732873036
0.29622428186
0.207996741787
0.420246126012
-0.459523969211
-0.161823256626
0.291265972068
-0.47341501349
-0.502943581971
0.212495826059
-0.583100912554
-0.0450387621013
-0.138003021743
-1.2536487383
0.150782039359
-0.694351501349
-0.89823650373
-0.817408382796
-0.340439131884
-0.123708990636
0.388562253611
0.329699503253
-0.592851466434
-0.246704543723
2.71818925567
-0.744407103634
-0.671922347246
-0.152556962387
-0.0339174972227
-0.342875272179
-0.344872724964
-0.144367662276
-0.309608976353
-0.00308611648944
0.519426629106
0.0132245199175
0.0275912109189
0.129257400413
-1.0349271814
0.239373123314
-0.117533848595
0.147071415648
0.226461675924
-0.181481080781
-0.0808764323123
0.347761956832
0.232446421203
-0.227706738613
0.0582531042692
0.266922553563
-0.0700574559594
0.217933873988
-0.528381491827
0.104336456118
-0.0550825440406
0.19487668624
-0.362038546262
-0.405677720997
-0.499676575147
0.0111561053801
0.229082067926
-0.49605647675
-0.454712843993
0.457059782574
-0.512948789081
0.00315417711474
-0.297447186161
-0.337499069989
0.47005440565
-0.0462379273131
-0.292171621965
0.213893843834
0.0504768528805
-0.0187057070306
0.159337625774
0.0572183875575
-0.368584356451
0.00440863831138
-0.00944539120775
-0.255067609903
-0.476702398032
-0.0899742644025
-0.848131685447
-0.507554197746
0.156225680051
0.431403040787
-0.378384467545
-0.0745740866529
0.338449657197
-0.0077900603079
-0.117110449135
-0.252891775909
0.169113802571
-0.126373721631
0.199626206951
-0.104645286462
-0.444912767815
-0.729657597207
-0.105563291541
0.0117758165371
6.81305793525
-0.318149907951
-0.506319909538
-0.198216771941
-0.361330461831
-0.486084289795
0.0279706729091
-0.165173691478
-0.25834931122
-0.282289403269
0.0436580637994
-0.103496072052
-0.334483956515
0.118672920171
-0.0379727503571
-0.47786754166
-0.0784275416601
-0.00917814315189
0.138551907634
0.465190068243
-0.8658425123
-0.829172744009
-0.613283667205
-0.121135250404
-0.00997862681744
-0.202592277868
-0.116530597738
-0.307612067851
-0.262109741519
-0.856851583199
-0.0171002907916
-0.990505121163
0.0747954119548
0.23853450727
0.0464788529887
-0.314202051696
0.173282407108
-0.841592536349
0.117155589661
-0.0753271405493
-0.135085185784
-0.22771644588
-0.165944281099
0.4089
-0.000583392568657
-0.105511098546
0.238424232633
0.301314846527
0.347018432956
-0.310020096931
-0.37386812601
0.295138109855
0.0926314862682
-0.157458529887
0.0168064781906
-0.287721502423
-0.612063941842
0.409621502423
0.311610613893
0.0149311793215
0.00458421647818
0.0152869789984
-0.00328458804523
-0.660095638126
0.0763589499192
0.309430500808
0.102236768982
-0.509871857835
0.0932945072698
-0.342510355412
-0.683925945073
-0.179195783522
6.52215924071
0.102039450727
0.0610506138934
-0.10882276252
-0.0779521970921
-0.0637302100161
-0.301407592892
-0.12554361874
0.306660662359
0.225378691438
0.207400710824
-0.257922213247
-0.0532031825525
-0.349289095315
0.045060355412
-0.925855234249
0.170772455574
0.602961001616
-0.248648271405
0.108477802908
-0.141638723748
-0.130806332795
0.0305565912763
-0.363189369952
-0.0845448303716
0.0277007754443
-0.252362924071
-0.386626962843
0.0614577221325
-0.998962294023
-0.0525906946688
0.192501243942
-0.373215476575
-0.100212907916
0.996641243942
0.151277495961
-0.0586930048465
0.199939240711
0.545806494346
0.124566898223
-0.31616457189
0.125675977383
-0.443057415186
-0.316693537964
-0.373417996769
-0.285612827141
0.701602035541
-0.37981911147
0.11313812601
0.49682273021
-0.0270710339257
0.255446591276
-0.328038029079
-0.306401211632
-0.301703828756
0.115161195477
0.136663085622
-0.297164652666
0.127788432956
0.405710969305
0.234118966074
-0.22182082391
0.280934135703
0.31339450727
-0.0664990306947
-0.198808901454
-0.762859596123
-0.472245783522
0.842535638126
-0.28266733441
-0.0800540872375
0.14850276252
-0.000705153473348
-0.0933014054927
-0.118862891761
0.0930252019386
-0.426625476575
0.0249764458805
0.449093134087
-0.155775848142
-0.94995641357
-0.0834087075929
-0.282989773829
-0.690466607431
-0.102641793215
-0.0501537964459
0.402398917609
0.312281033926
0.0766929402262
0.0411559612278
0.118694523425
-0.377499192246
-0.0852369789984
0.464245234249
0.105293780291
0.408058869144
0.0896288206785
-0.442977867528
0.50426812601
0.0436245718901
-0.983949903069
-0.503573796446
-0.402108933764
-0.330745799677
-0.261117221325
0.0231144264943
-1.22934686591
-0.264972972536
0.0724547657512
-0.540416865913
0.698690646204
-0.392479773829
-0.267857592892
-0.356164313409
0.349993925687
-0.0489954119548
-0.39858003231
0.237762875606
-0.94150628433
-0.327049596123
-0.0593050403877
-0.153701583199
-1.13570311793
-0.384885379645
-0.159025557351
0.22154088853
0.0663705654281
-0.111138142165
-0.280299838449
-0.507601437803
-0.29876720517
-0.224987140549
-0.337265928918
-0.341825218094
0.0823334894992
-0.715619612278
-0.903725072698
0.203982536349
-0.114581728595
0.0982907915994
0.182092536349
-0.138641486268
-0.330322940226
0.28425812601
0.0140146849758
-0.129982778675
-0.268875557351
-0.0419045072698
0.709848012924
-0.0718288691438
0.29381634895
-0.446732084006
0.451328578352
0.155702067851
0.119151195477
0.0542101615509
0.28824450727
0.104163909532
-0.385810630048
-0.0114989660743
-0.339705282714
-0.364386478191
6.49893087237
0.127547350565
0.0598329725363
-0.00756859450728
-0.200407512116
-0.408531502423
0.061052003231
-0.23546907916
-0.341982342488
0.0555362197092
-0.475257657512
0.189384119548
-0.147967463651
-0.543655121163
-0.519873457189
0.205696962843
-0.484964668821
-0.203689903069
-0.781626252019
0.579085815832
-0.345721647819
-0.101668852989
-0.0581131663974
-0.245398756058
-0.427929321486
-0.381269337641
-0.308622875606
0.217731680129
0.125056526656
-0.191948578352
-0.321535040388
2.91166063005
0.169812180937
0.352469709208
1.70718289176
-0.480668287561
-0.218464781906
-0.308184523425
-0.0190837802908
-0.304733634895
-0.797724022617
-0.094914733441
-0.238776623586
0.0522685945073
0.221857985087
0.394558806938
-0.124563668342
-0.718275834009
0.103833613227
0.326590473334
-0.462085334738
-0.748693407359
6.22535077322
-0.533074107635
0.00652299562328
-0.628169904361
0.44697437348
-0.345628557303
-0.244771225482
-0.0402150721349
0.158897521478
-0.0426005025126
-0.200467860269
-0.469397386935
-0.369805318528
0.0828341870643
-0.111853642406
-0.632215573026
-0.204724493435
-0.102231416761
0.149638338467
-0.794767456638
0.263478542714
-0.00862684551792
-0.0755698832874
-0.680017884584
-0.148585230994
0.0922752293727
-0.448001066623
-0.205875310423
-0.519673614848
-0.0697159345113
-0.175885697844
0.0722922094343
0.321942752472
-1.30008740477
-0.272812175393
-0.0808326341384
0.167793250122
-0.28347490355
-0.432852277517
-0.254790632193
-0.165521504296
-0.186590645161
-1.80548175231
0.437852394229
-0.03705157562
0.120990145891
0.0812827184309
-0.126438482736
-0.199733554871
-0.178470821851
-0.0827848192576
0.384742082996
-0.110444311882
-0.282126171178
-0.540247895931
-0.420754976495
-0.360928130977
-1.05766735127
-0.582813154482
-0.445988027233
-0.164261514022
0.0345144691198
-0.335540747285
-0.509342376398
-0.510351267628
-0.425153707246
-0.182062854596
-0.58694475928
3.01913516777
-0.336445548711
-0.217266845518
-0.0801725822662
-0.164842217539
0.142339077646
0.108197215108
-0.288297502026
-0.367218442211
0.0215589674177
-0.188892441238
-0.0897863689415
0.0721856411088
-0.281902024639
-0.167200092397
-0.032837262117
0.0214110001621
-0.0955289836278
0.176017386935
0.117593233911
-0.412997461501
-0.532713815853
-0.125067677095
-0.639290846166
-0.281002345599
0.11671088345
0.269627404766
0.109147373967
0.0532718155293
-0.336687343167
-0.453242510942
-0.0868566899011
0.0338448759929
-0.0527321137948
-0.556414712271
-0.323434525855
-0.486838753445
-0.245674955422
-0.538218171503
-0.306178020749
-0.290034136813
-0.32180307019
0.273984691198
-0.598200207489
0.0287794650673
-0.0733509952991
-0.678250444156
-0.502134879235
-0.0372385524396
-0.740289739018
-0.383614470741
0.0385653136651
-0.765824096288
-0.262512198087
-0.321015078619
-0.243296399741
-0.357494272978
0.0826775279624
-0.954014713892
0.124657934835
-0.386206284649
-0.23129130167
-0.547903804506
-0.121804418869
0.0885980564111
-0.0383160966121
-0.414863379802
0.15939014427
-0.212528878262
-0.149358657805
-0.161013415464
-0.584144642568
-1.15115278489
-0.203654059005
5.75954279624
-0.967277221592
-0.328195644351
-0.576077832712
-0.136507304263
0.375558652942
-0.385129714703
-0.267863473821
-0.432464824121
-0.312685368779
-0.253574483709
-0.698334572864
-0.205476795267
-0.172955942616
-0.189532462312
-0.0167742194845
-0.428920252877
0.0410737915383
-0.585644008753
0.281632566056
-0.406887472848
0.0665168941482
-0.444544290809
-0.0159534041174
-0.580834141676
-0.51282569136
-0.388953739666
-0.192098234722
-0.687295444967
0.012959022532
-0.0445196790404
-0.410286114443
0.0137911963041
0.192699901118
-0.369128233101
0.0832822921057
-0.524134352407
-0.279563836927
-0.0408229194359
0.151327929972
-0.320792465554
-0.0816250737559
0.408198265521
-0.369622827038
-0.342221496191
-0.0560191830118
-0.487993267953
0.165519632031
-0.203060476576
-0.425499038742
-0.10705522451
0.112104204895
0.437756182526
-0.830615889123
-0.302870791052
-0.174085493597
-0.859656208462
0.198705537364
-0.183985699465
-0.214935136975
0.104945036473
-0.315999145729
-0.318145127249
-0.429632629275
-0.28910016048
-0.706434910034
-0.196095761063
-0.645069054952
0.0247684697682
-0.774444376722
-0.395862955098
0.136594410763
-0.101357592803
-0.179058960934
-0.424721812287
-0.74323496839
-0.0552055714054
0.381338210407
-0.509092499595
0.131146612093
-1.28290957205
-0.23505136651
-0.270816453234
-0.397803861242
-1.15721260334
0.0882127848922
-0.720400510618
-0.37898196142
0.0531983206354
-0.474442306695
-0.14641343978
-0.423586103096
-0.305460478197
-0.52114176852
-0.55204786189
-0.237580442535
-0.268524767385
-0.625367996434
0.0375758307667
-0.265800813746
0.281150938564
-0.130401056897
-0.32252029016
-0.426181102286
-0.169090813746
4.92380471065
-0.555419038829
0.0998889369828
-0.637155270528
-0.343011826862
-0.292617415659
-0.401805747931
-0.107786995544
-0.45222162317
-0.965745206875
-0.355050305538
0.0398632972629
-1.19725287078
0.37506281986
-0.0296942266073
0.12504537874
-0.650847880331
-0.212658313176
0.00232495225971
-0.526339637174
-0.0551739783577
0.189009809039
-0.212042075111
0.0490897008275
-0.0798105219605
-0.360081858689
-0.302873959262
-0.121177791216
0.335816702737
-0.985772966264
0.202211591343
0.21671547422
-0.529485340547
0.327605913431
-0.546267657543
-0.36599504774
-0.363468243157
0.0322168873329
-0.181488478676
-0.00330447485679
0.516692399745
0.579542686187
-0.131790451941
-0.352860782941
0.106497339274
-0.126479287078
0.0307344875875
-0.231035200509
-0.0923393952896
-0.820459223425
-0.442940617441
-0.432476683641
-0.645613125398
0.214661343094
-0.391000388288
-0.12874709739
-0.139268618714
-0.328607065563
-0.113337683004
-0.104292457034
-0.0752229853596
0.217402520687
-0.0242104710376
-0.382797536601
0.326486600891
-0.21854154042
-0.481794723106
-0.145656683641
0.0569928325907
0.0922727434755
-0.468033201782
-0.244620833864
-0.446659503501
-0.506969592616
0.5997721324
-0.867854392107
0.0611973392743
-0.436609707193
-0.510126549968
0.221929325271
-0.516014602164
0.0684960152769
0.0936056206238
0.425013736474
0.00904130490134
0.158853195417
0.167311858689
-0.0321188605983
-0.44702640993
0.251666441757
-0.438286320815
-0.0450559070656
-0.183093017186
-0.499479859962
0.0567474856779
-0.0505866709102
0.617689968173
1.18374598345
0.275370929344
-0.253028325907
-0.236359369828
0.292366180777
-0.40986444303
0.0900319159771
-0.186480681095
0.966154022915
-0.048833214513
0.146180808402
0.362995366009
0.615448351369
-0.0958142520687
0.305815887969
-0.488557485678
-0.125777167409
-0.0883699554424
0.23824563972
0.117692940802
0.172214633991
0.13800683641
-0.371797555697
-0.318115671547
-0.0457042138765
-0.144176390834
-0.0448684977721
0.347764398472
-0.275146511776
0.11285385105
-0.656722170592
0.467074334819
-0.462795767027
0.28823854233
0.399849026098
-0.0607765181413
0.112338618714
0.00343127307447
-0.37841975175
-0.0317993634628
0.0245922151496
-0.672783169955
0.487190560153
-0.103539236155
-0.262738898791
-0.235676639083
0.229589299809
-0.492195926162
0.361802450668
-0.0871699809039
-0.145428287715
6.40975194144
0.552041839593
-0.210456721833
-0.495604653087
-0.276912552514
-0.331584258434
-0.167590611076
0.45262632718
0.119917549332
-0.575704258434
-0.17571255888
-0.252135264163
0.00300931890516
-0.137876772756
-0.133243042648
0.445967759389
-0.0412675938892
-0.338430197327
0.041410922979
-0.216485907066
-0.248276906429
0.50220145767
-0.193439401655
-0.0384267218332
0.26776478676
0.203136810948
-0.438699204328
-0.880624684914
-0.201976900064
0.42346939529
0.275881228517
-0.520273965627
0.318072813495
0.0311062380649
-0.0812943093571
0.0107902673456
0.17689478676
0.0581475938892
-0.0924423042648
-0.145914945894
-0.297360464672
-0.446336607257
-0.57366136219
-0.114094513049
-0.581376015277
0.113539719924
-0.038114563972
-0.0927843348186
0.155955404201
3.07849412476
0.110050916614
-0.447521782304
1.85990539147
-0.042087281986
0.206693545512
0.260287402928
0.627171368555
0.151210254615
-0.087991845958
0.209045289624
-0.2161762317
-0.0980082877148
0.0603750859325
-0.432544958625
0.471408612349
-0.132696441757
-0.0114536664545
0.0527813430936
0.160468084023
-0.486995703374
-0.496231063017
0.4833740993
1.06490245703
0.0512962253342
0.0522738892425
0.254029019733
0.0671158052196
0.00874173138128
-0.445374080204
-0.0400032017823
0.550806989179
0.00320931253978
-0.239692202419
-0.358236696372
0.0687250668364
-0.151346467218
0.295049535328
-0.459196976448
-0.139329388924
0.307801241248
-0.214151164863
0.468982788033
-0.244288230426
0.111807708466
-0.247756543603
1.71547949714
-0.0884905346913
0.187131546785
0.454875079567
-0.402542399745
-0.189518160407
0.110523679185
0.24126290261
0.221224863144
0.264512361553
-0.0338641183959
-0.55833862508
-1.19926452578
-0.236360063654
-0.324697757996
0.217129453285
0.228944854262
-0.0519133543406
-0.0352024137388
0.123126940287
-0.063163398456
-0.10184743816
-0.12161053096
6.96231074366
-0.0980414873168
-0.213866522767
0.198338164487
-0.250005185127
-0.247893409485
0.0493081550339
0.279583745076
0.0909394201985
-0.363319913345
-0.265679886561
-0.333679002678
-0.176494674649
0.164915935087
-0.422476258075
0.441723617457
-0.119717414527
-0.0311494674649
-0.336700759414
0.55592786986
-0.486518139278
-0.0435515093745
-0.0764455317473
-0.0438571403813
0.0872109768395
-0.48917355286
-0.202178788404
0.311747220734
0.211600945329
-0.316924501339
0.203066380967
0.563046623602
-0.486281644872
0.326854178352
0.0509411123365
0.106253549709
0.298579669135
-0.105333086498
0.171377370411
-0.0630162407437
0.273850406491
-0.444483313376
0.446432245155
0.202198722231
0.670072511423
0.23634499291
0.3003565464
-0.174828564676
0.532125492359
0.595149417047
-0.183683735623
0.00135205924058
0.0908389711675
-0.70759650386
-0.132778375611
-0.0722935749173
-0.469746347881
0.287704576965
0.672290716874
0.435706847329
0.300859127147
0.470997981724
-0.124544282338
-0.285377360958
0.215828129825
0.149022018276
-0.103583718292
0.256314881046
0.261588125098
0.129956087916
-0.225242095478
-0.0503301276193
0.0311480242634
-0.120093105404
0.476033359067
3.00598284071
-0.318163067591
0.235397572081
0.255937304238
-0.670527988026
0.174440968962
0.159298044746
-0.014342903734
-0.0580685394675
0.678833637939
0.365083878998
0.193703415787
0.222270927997
0.25305256184
0.382002914763
-0.0436313990862
0.00740986135182
0.488275834252
0.0913975074839
-0.151363723019
-0.306952845439
0.379824821175
-0.0832530565622
0.518697343627
-0.132008583583
0.252697206554
-0.356876741768
-0.708130639672
0.167084920435
0.61353798645
0.510485631007
0.10385028675
-0.298793787616
-0.10300296518
-0.191606069009
-0.129239016858
0.513087877738
-0.137041321884
0.128617083662
0.32042769655
0.217877628801
0.274490909091
-0.454659557271
-0.227165675122
0.63140971325
0.122238340948
0.710569834568
-0.190819736884
0.397977357807
0.477939847172
0.12224712305
-0.505471498346
-0.176681095006
0.270489598235
-0.0825982212069
0.368971170632
-0.304644425713
0.592872853317
0.208880578226
0.0531339845596
0.294807633528
-0.0847553615882
-0.0657931117063
-0.33361476288
-0.556534644714
0.24257506381
-0.0591126311643
6.12114631479
-0.25617167008
0.330610296203
-0.0262017141957
0.00966327241215
-0.651032177407
1.08281447771
-0.386214983457
0.0454131841815
0.00491108082558
0.435233852214
0.149693548133
0.200819090909
0.150365388372
0.589856927682
0.55632558374
0.532996984402
0.756511096581
0.4463434536
0.818732998267
0.414584427288
-0.197780682212
-0.191406593666
0.0972975169371
0.42849480542
-0.0633448968016
0.355753012447
0.0611638884512
0.107890063022
0.164060233181
0.259540015755
0.423435334804
0.451963994013
0.0484935544352
0.268746018591
0.246581115488
0.293088147156
0.222931752009
0.323262328659
0.108144736096
0.0661250921695
0.71637959666
0.241337819442
0.523190352923
0.308963381125
0.0167842114385
0.534287290058
0.0160218938081
0.325743515046
-0.495200226879
0.96743893493
0.336420997322
0.487906182448
0.307243212541
0.606986319521
0.292263833307
-0.149294315425
0.0804531054041
0.408959480069
0.151464091697
-0.0665084276036
0.478681854419
0.061413349614
0.0275961761462
-0.495222385379
-0.411643965653
-0.280518827793
-0.033579884985
-0.0947174539152
0.15849520876
0.57914667717
-0.313910724752
0.0133075484481
0.28336282023
0.174672008823
-0.142388641878
0.493089248464
-0.104592987238
0.187509429652
-0.642374578541
0.412886018591
0.180540081928
-0.326728101465
-0.558093847487
0.132794266583
-0.0494678194423
-0.0542111800851
-0.335367934457
0.0489481377029
-0.215444639987
0.558046445565
-0.223676614148
-0.339808714353
-0.163369053096
-0.0499923192059
-0.148511465259
0.0828333527651
-0.148538853001
-0.0164983236175
0.133532506696
-0.334390351347
-0.28417428864
0.549892412163
5.36538577438
-0.129590770443
0.273811273844
0.486159767216
-0.589016550275
-0.60822409958
-0.49672314258
-0.133681826705
-0.101952379567
-0.152558393146
-0.353468722923
-0.293820074361
0.0563152020692
-0.279584733269
-0.792961762043
-0.113514481086
0.399600733915
-0.0150118525703
0.0720231393469
0.22434772066
0.772029321048
-0.454101053993
-0.263587769156
-0.270860750081
-0.253279224054
-0.734288519237
0.0198112512124
0.0677312738442
0.0209399515034
-0.46959414161
0.315239123828
-0.332397985774
0.666688596832
-0.535344652441
-0.408564219205
-0.377349392176
-0.28566319431
0.577296595538
0.772391720013
-0.605530940834
0.24430928225
0.550463653411
0.0711870287747
-0.319645134174
0.470465868089
-0.00418960232784
0.00153065632072
0.404693837698
-0.00975845457484
-0.271585441319
0.0240486517944
0.424383145813
-0.775816750727
0.525364933721
-0.0866390203686
-0.0433303039121
-0.222315961849
0.338149692855
-0.0925803750404
-0.242851762043
0.201415664403
-0.13992813773
0.212980562561
-0.426877125768
-0.443957384416
-0.376096880052
0.0713549692855
-0.720318891044
0.140570012932
-0.499319618493
-0.157195008083
-0.251760517297
0.178979828645
0.0487330617523
-0.304473679276
0.584226207565
0.210034675073
0.0173548852247
-0.639054170708
-0.379850704817
0.203546559974
0.0156255997414
0.544888108632
0.231962072422
-0.0329899321048
-0.0940944487553
-0.553261005496
-0.126176466214
0.391310834142
0.25657042677
0.335553941157
-0.151702305205
-0.449885512447
-0.30104390236
-0.185130740382
0.0075444228904
-0.485577038474
-0.29895699321
-0.19063432913
-0.130183449725
-0.402642256709
0.525406947947
-0.0560612964759
-0.716182450695
0.0927738829615
-0.116401697381
0.122020856773
0.0193548852247
-0.0458651309408
0.136330022632
-0.11319467184
-0.376789773683
0.0762570578726
-0.641181128354
0.148495573876
0.00254975751697
0.123583478823
0.237049023602
0.325245965082
-0.0373057161332
0.236485392823
-0.154452234077
-0.39204447462
-0.245247051406
-0.276351448432
-0.131308693825
-0.302378955706
-0.00608399612027
-0.735284510184
-0.480194070482
0.257344503718
-0.0156116230197
0.285612046557
0.179162777239
0.314923540252
-0.186493698674
-0.559029321048
-0.22626071775
-0.33065900097
-0.174118292919
0.636601264145
0.0860945295829
-0.340788952473
0.311773682509
-0.900271396702
0.0750360814743
0.559848674426
-0.261139127061
0.115910533463
-0.480231199483
-0.120500294213
0.24103772066
0.0941175137407
-0.154624138377
-0.262862984158
0.187006935015
-0.166842327837
-0.270336886518
0.0297936081474
-0.13494299709
-0.616900581959
-0.330807591335
0.516057862916
-0.579047546072
0.249957662464
0.486082001293
0.069580756547
-0.0530822890398
-0.159466175234
0.931960989331
-0.933198296153
-0.440301939864
-0.152564351762
0.115447733592
7.08083064662
-0.412276220498
-0.738425651471
0.0991429259618
0.352472958293
-0.250760417071
-0.040757581636
-0.580436026511
0.128278596832
0.236181416101
0.126305311995
-0.0627161558358
0.192210866473
-0.303285282897
-0.213835609441
2.47484769803
0.600528215325
-0.279607500808
0.46973752344
-0.383341985128
0.125481635952
-0.209084494019
-0.26328185257
0.212535085677
0.186253931458
-0.719937869382
0.617112266408
-0.39664962496
-0.00358259295183
0.383790326544
-0.291838884578
-0.159967584869
0.104980837375
0.498020119625
1.92033541869
-0.0982215906887
0.0649632525056
-0.0887162689945
-0.67118195603
0.313295890721
-0.321094125445
-0.132009353379
0.0199096896217
0.305640763013
-0.303348124798
0.320043000323
0.411679899774
-0.815894574846
-0.239997507274
0.0603411703847
0.703682175881
-0.564897449079
-0.0546322082121
0.0923445069512
-0.21412818946
-0.0092267248626
0.467844451988
-0.752683591982
-0.373505512447
-0.243852686712
0.690953798901
-0.398309712253
0.0588146298092
0.125455541545
-0.0864363886195
1.36401912706
-0.777020795344
-0.400669974135
-0.159971053993
0.265767866149
-0.0382020465567
-0.430577849984
0.0274121500162
-0.230875767863
-0.223656039444
0.0639823827999
-0.00436336889751
0.394622586486
-0.0968200517297
1.0468038668
-0.0913045554478
0.765705030715
-0.176304012286
-0.185318389913
-0.0777284803606
0.00555528654218
0.0846941468126
-0.114647739858
0.567112504829
0.257563625241
1.01686097231
-0.151067166774
-0.137872479073
-0.0227516355441
0.430035621378
-0.28400719897
0.0469276690277
0.502766200901
0.454990643915
-0.986997334192
-0.602573747585
-0.138887636832
0.435543135866
0.110465061172
-0.515570103026
0.0879083708951
0.74957280103
-0.120418667096
0.123786349002
0.089501242756
0.150731918867
-0.33671235029
0.504030141661
0.324301113973
-0.111834880876
6.6629406246
-0.420590940116
-0.0561681068899
-0.0769114359305
-0.159246767547
0.0520073341919
-0.641140502254
0.179621899549
-0.405562343851
-0.467426220219
-0.764353122988
0.279803947199
-0.464266091436
0.049648886027
0.577898802318
0.349922150676
0.345097765615
0.0639137669028
0.14403893754
-0.516952614295
-0.0307362910496
0.00830502897618
0.317972163554
-0.08339515132
0.192683193818
-0.19877211848
-0.118351899549
0.603787282679
0.0571292144237
0.118404687701
3.49945914359
-0.743459104958
0.898550772698
1.59615152608
-0.480179607212
-0.120667063748
-0.382648538313
-0.532375634256
-0.109746864134
0.0443070251127
-0.0286602962009
-0.0521486735351
0.590139639408
-0.21775128783
0.0498350676111
-0.298097585319
0.391777958789
0.308030721185
0.0281104829363
-0.313057746297
0.797366703155
0.165339948487
-0.319654043786
-0.461371596909
0.360681255634
0.103576696716
-0.220821036703
0.156305949775
0.348167527366
0.235523702511
0.0914342627173
-0.163105589182
0.320130650354
-0.0620871732131
-0.219851629105
-0.324628190599
0.472345389569
0.515890212492
0.149668699292
0.340175537669
-0.0840197810689
0.832895054733
0.358223148744
-0.572773528654
0.122182781713
0.324148197038
0.547685743722
-0.0601593818416
0.0806180489375
0.0681395235029
-0.726666986478
0.0937894462331
-0.410789182228
-0.0967110753381
-0.0686083515776
0.239295022537
0.436565241468
-0.211288010303
-0.355954900193
-0.087724893754
-0.0249438055377
0.248138036059
-0.0112630972312
0.0755619381842
-0.133312169994
-0.334786084997
-0.257957153896
0.279721538957
-0.0533623631681
0.340329207985
0.390195666452
0.0695046426272
-0.104209407598
-0.544339658725
0.00847237604636
0.423057250483
-0.491443322601
0.365849265937
-0.0432685254346
0.215685235029
-0.200363168062
0.911690901481
0.415639793947
0.164965196394
0.0527986349002
0.214760386349
-0.252947263361
-0.548292086285
0.11621189311
-0.267850051513
0.0333202446877
-0.278165750161
-0.0725360914359
-0.616802137798
-0.43244030264
-0.069291545396
0.057063432067
-0.208624275596
0.482194797167
0.589420714746
-0.114293148744
0.153322633612
-0.122221358661
0.0302091951062
-0.252947791372
0.648607546684
0.357900927238
-0.262121654862
-0.209344430135
-0.390927456536
-0.106738802318
-0.3952215132
-0.372181165486
-0.492021468126
0.392153554411
-0.198771371539
0.329520045074
6.31589362524
-0.63500787508
0.273612169994
0.0517614423696
0.623280701867
0.152359001932
0.421619066323
-0.131967147457
-0.215236535737
0.113328094012
-0.0155291886671
0.364748229234
0.232230109466
-0.306712144237
0.231357823567
0.2186586349
0.0401673084353
0.673545022537
-0.16864545396
0.32065651642
0.327386374759
0.104262015454
0.317706271732
-0.308429439794
-0.606899594334
0.37890370895
0.0302294462331
0.182792549903
-0.136840663232
-0.0463895556987
0.586069632968
0.560887430779
-0.32709567933
-0.0297578943979
-0.497252240824
-0.158447862202
0.589985878944
0.351281699936
0.0432899227302
-0.429424983902
0.108796220219
0.42652651642
0.407723058596
0.742194488088
0.186917173213
0.222855112685
0.232820463619
0.102655994849
-0.00464023824854
0.339848383773
0.812053245332
-0.19686242756
-0.47029204765
0.621155466838
-0.139960012878
0.282203000644
-0.013157340631
0.766581963941
-0.241051352222
0.438684069543
0.901664056665
-0.11020143593
-0.0859071925306
0.496575795235
0.512360895042
0.0760971732131
0.166572685126
0.446668544752
0.0776646941404
0.212079658725
0.193178428847
0.47656977463
0.339306619446
0.368823927882
-0.273820212492
1.00620145525
-0.6926571217
-0.011250083709
-0.0967693264249
-0.0434888082902
0.0511855440415
6.13227906736
-0.753520362694
-0.10630642487
0.131278704663
-0.415279067358
-0.000457305699484
-0.432064715026
-0.304271139896
-1.22904963731
-0.657411813471
-0.106772227979
-0.53008253886
-0.777182176166
-0.164039792746
0.0293134715026
-0.615584507772
0.126889585492
-0.465017979275
-0.134979533679
-0.422963160622
-0.263082331606
-0.175952331606
-0.04815373057
0.0334780829016
0.162787927461
-0.783378963731
-0.551248549223
-0.505019015544
-0.294944352332
-0.308355595855
2.94842917098
-0.684699533679
-0.632422953368
-0.636758601036
-0.573495854922
-0.207723523316
-0.555938704663
0.143393678756
-0.914533160622
0.347943937824
-0.117980259067
-0.234451709845
-0.235299015544
-0.390384196891
-0.0176892227979
0.24796492228
-0.172138238342
-0.428047720207
-0.781959896373
-0.516852279793
0.334583523316
-0.130432746114
-0.0624183937824
-0.227602849741
-0.270676165803
-0.00465077720207
0.0671438860104
-0.480453989637
-0.67332746114
-0.688358497409
0.0932440414508
-0.760589792746
-0.283923989637
-0.0879569948187
0.0892016580311
-0.0326420207254
-0.292189274611
-0.175930777202
-0.374296062176
-0.119903316062
0.313218445596
0.150225388601
-0.0588437305699
-0.314498963731
1.37287963731
-0.617239585492
-1.46020865285
-0.0410923834197
-0.113462746114
-0.398600310881
-0.227727357513
-0.802651761658
-0.666267150259
-1.09293310881
-0.430708134715
-0.761055233161
-0.0729726943005
0.756262227979
0.261700569948
-0.183849119171
-0.462811398964
0.0633767875648
-0.307053005181
0.344848549223
-0.366888134715
-0.0184455958549
-0.0823746632124
-0.246414974093
-0.326198549223
-0.684255854922
-0.100818393782
-0.706891139896
0.171459378238
-0.0395704663212
-0.793668341969
0.348315440415
-0.271656839378
-0.307310466321
-0.834931243523
0.0471376165803
-0.457589896373
-0.74785
0.148464404145
-0.419502487047
-0.170531502591
-0.896388238342
-0.282831658031
-0.162535284974
-0.00322606217616
-0.940070103627
-0.333326632124
-0.114702642487
0.0671487046632
-0.631414455959
0.0432007253886
-0.0474336787565
-0.106278497409
-0.40133388601
-0.67206880829
-0.459816010363
0.203804352332
-0.466752279793
-0.0155668393782
-0.803549430052
-0.181490310881
0.119208341969
-0.144325751295
0.0353433678756
-0.49845984456
-0.309218549223
0.473674093264
-0.63052746114
-0.0653552849741
-0.183764093264
-0.739540673575
-0.539103160622
-0.173070362694
-0.37566984456
0.0551388082902
0.181167305699
0.0880308290155
0.289910259067
-0.32314761658
-0.659293367876
-0.352282072539
0.20324611399
-0.544100414508
-0.173343419689
-0.170147979275
-0.113191450777
-0.278529119171
0.184640051813
-0.0150713471503
0.202707875648
-0.441789689119
-1.4977115544
-0.884048704663
0.337690207254
-0.055199015544
-0.41660134715
-0.355584715026
-1.10026445596
-0.270612331606
-0.46805253886
-0.0738910362694
-0.703093005181
-0.317258445596
-0.0955663212435
0.0111301554404
-0.409030673575
-0.866114352332
0.00039616580311
0.0374488082902
-0.926750207254
-0.165997772021
0.168667202073
-0.509849740933
-0.0213074611399
0.271573782383
-0.112929015544
-0.284372227979
-0.365478082902
-0.0650776165803
-0.381001761658
-1.42671673575
0.922959792746
-0.0888616062176
0.398417305699
0.110852227979
0.229531502591
-0.41636134715
0.295753782383
-0.0203640932642
-0.815803367876
-0.289108186529
0.12984761658
0.00901077720207
-0.507176373057
-0.0484860621762
-0.829495492228
-0.270794974093
-0.278149378238
-0.304233782383
-0.916124352332
-1.19530829016
0.271454300518
-0.82311357513
-0.532546839378
-0.568487098446
-0.318404300518
-0.183017150259
-0.12533119171
-0.483498393782
0.411099792746
-0.878874404145
0.0517533160622
0.106500777202
6.41683911917
0.18158880829
-0.202253367876
-0.110019119171
-1.14569352332
-0.49339642487
-0.0448069948187
-0.124186994819
0.486020362694
0.522133523316
0.200002746114
-0.324069896373
-0.465407668394
-0.255163419689
-0.274990777202
-0.248244818653
0.0504319689119
-0.356116528497
-0.329862176166
-0.352715492228
-0.0340721243523
-0.455213160622
-0.197709792746
0.0291588601036
-0.112708860104
-0.495010518135
0.402802647201
0.0575813647363
0.153933187611
-0.0247351217938
-0.19735654783
0.203341624456
0.228106383288
-0.142696843039
-0.756575363768
-0.716236823681
0.575072360058
-0.15307016293
0.54768940313
-0.128651148572
-0.139834487821
-0.0956679109534
-0.168224954025
-0.674379335377
-0.0791766946282
-0.0824213711889
0.20904376351
-0.187567172125
0.193140906598
0.11474838361
0.0299655750928
0.216887189869
-0.371117823843
0.131991734151
0.191652239071
0.392268477174
-0.367283644136
0.0927202080981
0.176392226166
-0.127294694306
-0.245030356509
0.213737362478
-0.600573903855
-0.186609065978
0.289652239071
0.268738093241
-0.388069746733
-0.0786809485401
-0.300657849653
-0.872635734796
-0.0930079432166
0.420902035812
-0.36382072915
-0.230382337474
0.229375486369
0.522342637522
-0.401799649944
-0.212455747701
-0.0674591175996
-0.378270542023
0.0426441990644
-0.650448298113
-0.141028762704
0.244435957412
0.209121140507
0.245304986288
-0.133083748992
-0.360221140507
-0.508605286337
0.0466415631553
-0.125206071947
-0.0146611050169
-0.0587205758993
0.158347807711
0.069242961768
-0.186896118729
-0.0604610050008
-0.241778919181
-0.280079185352
-0.332152705275
-0.232569487014
-0.0863903242458
-0.10541791418
-0.42724889337
-0.308063731247
6.79966787224
-0.167691311502
-0.618957949669
-0.0337944797548
0.0186514615261
-0.378973458622
-0.254716539764
-0.44821202936
-0.0589285062107
-0.0454340022584
-0.568850925956
0.076551174383
-0.269419901597
0.0296474689466
-0.0440940958219
-0.0199600806582
0.0375007033392
-0.0232177996451
-0.0191244765285
-0.426845862236
-0.535900198419
-0.111842614938
0.42956642039
-0.483155079852
-0.135649193418
-0.262884992741
-0.125284016777
-0.343290296822
-0.886549333764
-0.30270465559
0.453700417809
0.162042981126
-0.815889803194
-0.579431064688
-0.292147894822
-0.160129198258
-0.169447477012
-0.718464895951
-0.165980793676
-0.173707249556
2.60520782707
-0.35966560413
0.09097844975
-0.269243150508
-0.0822101903533
0.0662908969189
0.102293047266
-0.956618901436
0.308121442168
-0.251769374093
-0.132606912405
0.568472427811
-0.0519280190353
-0.150598494919
-0.120180582352
-0.724761521213
-0.0692868527182
-0.0273773947411
-0.00604465881594
-0.616012981126
-0.230940742055
-0.45614484433
-0.247783836103
-0.41028028553
-0.607910340377
-0.263753210195
-0.358559567672
0.0886525310534
-0.550493515083
-0.267817814164
-0.237379608001
-0.877453910308
-1.0673108211
0.142197446362
-0.0147418373931
-0.262111753509
0.11295183578
-0.766021601871
-0.205620208098
0.328430311341
-0.219872695596
-0.222873413454
-0.127680041942
-0.31854506372
-0.0594721584126
-0.555405220197
-0.293005220197
-1.07310111954
-1.1630592644
0.673409874173
0.638477544765
-0.534457528634
-0.00555748991773
-0.71617177448
-0.331531706727
-0.567699503146
-0.15128601226
-0.174896760768
-0.115601340539
-0.867462106791
0.177508777222
-0.239618470721
-0.239751547024
-0.404166447814
0.427689303113
-0.407717852879
-0.766486746249
0.0827684755606
-0.843813358606
-0.873415049201
0.0901890627521
-0.407613344088
-0.327201916438
-0.394384239393
-0.348853786095
0.129767525407
-0.628101006614
-0.80831252944
-0.482063024681
-0.531522774641
-0.243022982739
-0.438745810615
-0.27293407969
-0.57770411518
-0.266882532667
-0.199371125988
-0.143147299564
-0.247044628166
0.212230143572
-1.00374840781
0.123200022584
-0.640817062429
-0.419245657364
-1.30208252783
-0.653483463462
-0.473209096628
-0.126806284885
6.25805819487
-0.907307791579
-0.834288273915
-0.66563487014
-0.183081863204
-0.160446633328
-0.710912452008
0.270521079206
-0.195811753509
2.97579788353
-0.342669958058
0.149222587514
-0.614973339248
-0.105259727375
0.461206702694
-0.43893006614
-0.395643765123
-0.160904891111
-0.881263598968
-0.27390908695
-0.505896636554
-0.439834831424
-0.111914302307
0.184455897725
-0.235782902081
-0.29982506372
-0.418981447008
-0.30632674141
-0.373905381513
0.0247223342475
-0.318687141474
-0.170089219229
-0.267863155348
-0.255397099532
0.0769353024681
0.420927807711
-0.134842808518
-1.19267827392
0.231375813841
-0.520024607195
0.140864358974
-0.268905641026
0.226977692308
-1.33897358974
0.479284871795
-0.296338974359
0.338824871795
-0.581526410256
-0.935339230769
-0.908641538462
0.0119720512821
-0.584130512821
-0.413097179487
0.0452264102564
0.150195128205
6.68888
-0.0436830769231
0.493846153846
0.45624025641
-0.65500974359
-0.149072051282
-0.299433333333
0.116917435897
3.41319307692
0.205130769231
-0.0171387179487
0.0248258974359
0.0951182051282
0.0111930769231
0.241088205128
0.0878292307692
-0.56265974359
-0.119685641026
-0.104792564103
-0.693704615385
-0.0465446153846
0.0346235897436
-0.472932051282
-0.627986410256
-0.320536153846
0.177802307692
-0.755421794872
-0.105182307692
0.0823751282051
-0.121945897436
0.411235128205
-0.344594871795
-0.173402820513
0.948584358974
-0.261285641026
-0.939540512821
-0.226268717949
0.0153135897436
0.0928271794872
0.00785358974359
-0.441512820513
-0.211834615385
0.0554423076923
-0.43195
0.0741528205128
0.268704871795
-0.0212333333333
-0.379073589744
-0.284479487179
-0.270681794872
-0.713611282051
-0.604964102564
-0.408361282051
-0.192658461538
0.0994117948718
-0.205633846154
-0.0915248717949
-0.216444102564
0.00156871794871
0.266519230769
0.329222564103
-0.647651282051
-0.0329369230769
-0.224122307692
-0.626607948718
0.108459230769
-0.275657179487
-0.033302051282
0.049448974359
0.0457905128205
-0.0770674358974
0.494023846154
-0.154228461538
0.456508205128
1.67809512821
-0.0489415384615
0.0208866666667
-0.0313074358974
-0.182591025641
0.198648974359
0.012998974359
-0.614956153846
0.475937692308
-0.257820512821
0.403188974359
-0.0399441025641
-0.000368205128197
0.0741605128205
-0.254912820513
0.781467435897
-0.00499538461538
-0.0714307692308
0.254441794872
-0.380301538462
-0.246313076923
-0.200228461538
-0.38752025641
-0.222221025641
-0.103020512821
0.308720512821
0.284730512821
-0.34327025641
-0.0431176923077
0.14299
-0.00994820512821
-0.275381538462
-0.449781794872
0.17362974359
-0.153331282051
-0.155821282051
-0.492773076923
-0.682224871795
0.391853076923
-0.456521794872
0.249961538462
-0.124047948718
0.00860410256411
0.259614871795
0.299083846154
-0.77416974359
0.396315384615
-0.0216069230769
-0.0669933333333
0.0164507692308
-0.0343848717949
-0.103251025641
0.21825
0.523502820513
0.209853846154
-0.232920512821
-0.456566923077
0.0343830769231
0.103274358974
-0.493293076923
0.122715641026
-0.241492051282
-0.674732820513
-0.322893076923
-0.113234615385
-0.180156666667
-0.215327435897
6.63122410256
-0.296874871795
0.524602564103
0.296596410256
-0.0750946153846
-0.230003333333
-0.417547435897
-0.254513076923
-0.483347692308
0.100847179487
0.25559
-0.0830494871795
0.650093846154
0.141417948718
0.0769571794872
-0.0634725641026
-0.676644358974
-0.520943589744
-0.602837692308
-0.262926666667
0.00966102564102
-0.193623333333
-0.458521794872
0.417628461538
-0.376061538462
-0.125685641026
-0.282241282051
-0.000496410256417
-0.154888974359
-0.264698461538
-0.577235128205
-0.486586153846
0.344813076923
-0.170782051282
-0.163764615385
0.0236928205128
0.39931025641
-0.417149230769
-0.198172051282
-0.0694369230769
-0.0511492307692
-0.31972025641
-0.47432
-0.329638974359
-0.163495641026
-0.140024615385
-0.224965641026
0.199557179487
-0.443473333333
-0.247569487179
0.180002564103
-0.212429230769
0.587091538462
-0.147183589744
0.258361025641
0.255438974359
-0.911416410256
-0.282913846154
0.340132307692
0.33274974359
-0.575506410256
-0.0751217948718
-0.404060512821
0.318842051282
-0.234927435897
-0.297755897436
-0.38712025641
0.267881282051
-0.207606666667
-0.456022307692
-0.384577435897
-0.302640512821
-0.0677315384615
0.0730628205128
-0.187305128205
0.145306923077
-0.132248717949
-0.504592820513
-0.121565384615
0.18484025641
-0.135532051282
-0.503694102564
0.0014523076923
0.00746051282051
0.483351025641
0.0107879487179
-0.116522820513
0.0575084615385
-0.294597692308
-0.341891025641
0.308243846154
-0.0643402564103
0.0211358974359
0.27545974359
-0.477183589744
-0.484403076923
0.340275128205
-0.650751794872
-0.344016153846
-0.420902307692
0.785012024754
0.192994325611
0.357365176135
-0.492551564583
-0.019673995557
-0.722735712472
-0.0714617486512
-0.290240168201
0.138834871469
-1.27286367185
0.138889381149
6.83205996192
-0.188552875278
0.00130211678832
-0.497003970168
-0.576658717867
0.176867023167
-0.0166288479848
0.292796518566
-0.00118118692478
3.05234091082
0.0272751190098
-0.386184855601
-0.200039901619
0.422416185338
-0.0362694985719
-0.00756715645827
0.659910263408
0.285146705808
0.536374550936
0.0273690288797
-0.219042231038
0.190181240876
-0.136298536972
-0.0195886448746
0.339537794351
0.345096201206
0.258663789273
0.234463748016
0.0897266137734
0.590006461441
0.0939902253253
0.496785626785
0.156702926055
-0.0983179181212
0.167199708029
0.264287432561
1.57437912091
-0.440013532212
-0.157567600762
0.271893535386
-0.229499784195
-0.141103278324
-0.00295443033958
-0.0795455061885
0.196216756585
-0.0612528403681
0.0102400825135
-0.322619628689
0.300285906062
-0.369316991431
-0.0617396540781
-0.455495503015
0.294526007617
-0.521178533799
-0.181415204697
0.340449492225
-0.237594116154
0.228908562361
0.319229781022
0.147047689622
-0.282291488416
-0.0767231450333
-0.340808752777
0.210357267534
0.37139975246
0.110540510949
0.05105915265
0.201108083148
-0.871025115836
0.631936667725
-0.315421824818
-0.248141866074
-0.251873662329
0.377864477944
0.290002643605
0.623588026023
-0.0915514725484
0.0287363947953
-0.155021139321
-0.0258540875912
-0.88998620438
0.119468213266
0.177338717867
-0.213493640114
0.230940063472
0.0463300983815
0.0059483116471
-0.00328705172961
-0.359891834338
-0.283918797207
-0.203784906379
0.0109036305935
-0.0165624087591
-0.039168971755
0.131095721993
-0.015297032688
-0.0494251602666
-0.204296363059
-0.032342237385
0.490060793399
-0.0495644589019
-0.0549245731514
0.322089749286
0.104905077753
0.0726795969533
-0.186310571247
0.231007280229
-0.129893608378
0.370001485243
0.549147914948
0.243808660743
-0.224579565217
0.375147721358
0.433731586798
-0.1928354808
-0.654138346557
-0.151542945097
-0.880897857823
0.291611472548
-0.0323654649318
0.340031193272
0.339769777848
0.443595661695
7.16663318629
-0.241184005078
-0.623545867978
0.0717628816249
-0.542729619169
-0.238234636623
0.133803043478
-0.0867305617264
1.10462043478
-0.510026594732
0.239609219295
0.559668917804
0.41092318629
-0.715498476674
0.454424985719
-0.296194005078
-0.288123360838
-0.243636058394
0.321230888607
0.226074944462
-0.475995950492
0.495998435417
-0.135440682323
0.17961097112
-0.274123928911
-0.231309158997
0.645923132339
-0.0371908663916
-0.00599544589019
0.0989610948905
0.0660847223104
0.36894806728
0.631976464614
0.0112210028562
-0.315992164392
-0.266400285624
0.25095500476
0.225731158362
-0.314436899397
-0.00289350999682
-0.569572764202
-0.241120758489
0.350530631546
-0.0275622945097
-0.44685572834
-0.791870964773
0.0471945096795
0.328950758489
0.842637673754
0.0015701396382
0.345957622977
-0.661923091082
-0.591819987306
-0.198907486512
-0.00854605204697
-0.160832116788
0.513667762615
0.136998629007
-0.180053030784
0.535430536338
-0.27510326563
0.292607788004
0.128130393526
0.75416064424
-0.131539930181
-0.0617442177087
0.379483744843
0.175114046334
0.160555794986
0.254164335132
0.525596670898
0.153950685497
0.17380423675
-0.197044005078
-0.562523205332
0.514945750555
0.161788152967
0.260334601714
-0.182616283719
0.454792284989
0.541589873056
0.546165712472
0.0165295937798
0.395509679467
0.433702478578
0.569249939702
1.05430624246
0.156733316407
0.170123068867
0.0223898222786
0.41036117423
-0.271554769914
0.121426712155
-0.146175125357
0.430591948588
0.588772627737
-0.300949809584
-0.755802767375
-0.261380291971
-0.0733334116154
-0.201056632815
0.361721018724
-0.440513884481
0.349304385909
0.633977391304
0.339615801333
0.402596543954
-0.0136162900666
0.271206756585
0.15927133291
0.640587261187
0.521480085687
-0.140682929229
0.449694563631
-0.0279026658204
0.171216635989
0.52003778483
0.0351413900349
0.626347213583
-0.197458070454
-0.195735693431
0.0321109298635
-0.70814214796
-0.408214180029
-0.205993200508
-0.692749804731
0.196810725512
-0.121218966503
-0.0516773344975
-0.525512736942
-0.276923746626
-0.18294095412
-0.633859730116
-0.240655332592
-0.488130558819
0.373509847595
-0.20854659311
-0.579124842038
0.19378036355
-0.15379068106
-0.0267635069059
0.247607226544
-0.640286824893
0.518520574694
0.00899070963645
-0.606889628512
-0.0914277504366
0.137532098746
-0.290811301794
0.28295614542
-0.620220792189
-0.36741652802
-0.00928088744245
-0.590234073662
0.173633022702
-0.633738499762
-0.690272294015
-0.263221636768
0.0640427639308
-0.243186156533
0.01977
-0.157745127798
-0.92125866963
-0.240740307985
-0.00345721701858
-0.0746431052548
0.117299215749
-0.674615062708
0.231964645182
1.12541673261e-05
0.0144839879346
-0.318685345293
-0.317122246388
0.237641660581
-0.343685040483
0.0271169884109
-0.00469719161772
-0.352790760438
0.0069046991586
-0.145196301
-0.507517550405
-0.159408698206
-0.0159025496111
-0.58785931894
-0.477857940943
0.119070654072
0.216207582156
7.14658434831
-0.0519326639149
-0.159772652802
0.112101146214
-0.0657032925861
0.129287066201
-0.452394907128
2.90558439911
0.333203267185
-0.467355651691
-0.179992319416
-0.25256717733
0.16159280997
-0.107886977298
-0.445431474837
-0.178897355136
-0.366452981426
0.0186229591999
0.314713352913
-0.769361719321
0.0730902000317
-0.168348844261
0.399219430068
-0.138515221464
-0.120942671853
-0.130359147484
-0.341536270837
0.40039985077
-0.0311810287347
-0.274278225115
-0.234389449119
0.128526251786
-0.165056299413
-0.00480512779806
0.28577356247
0.23675577552
0.641031630418
0.165035030957
0.282750539768
0.0235248341006
-0.321427785363
0.214255985077
0.0385160628671
0.140236520083
0.0964914891253
-0.178717186855
-0.264774073662
0.273825024607
-0.194244292745
0.128980647722
0.0341778202889
-0.14630495158
0.0646736085093
0.101303819654
0.369733500556
0.107753757739
-0.135857372599
0.0108891427211
0.0942810017463
0.265567593269
-0.0564129861883
0.162784002223
0.0627342149548
0.247359366566
0.0463557310684
0.210398885537
-0.0736502286077
0.111263205271
-0.521425056358
-0.608307615495
0.454581806636
0.872985319892
0.0143535735831
-0.0214029957136
0.166973224321
0.0703837291634
0.123859025242
-0.268578899825
-0.229689823782
-0.338052254326
0.0647031655818
0.184482146372
-0.337605858073
0.918663338625
0.0923801889189
-0.801691981267
-0.494313665661
0.341464513415
0.11971429592
0.195339774567
-0.158319506271
-0.555100319098
0.19824215431
-0.0946198602953
-0.387380034926
-0.431268977616
0.114616513732
-0.0797866089856
0.146899998412
0.319564857914
-0.51185955866
-0.0442879568185
-0.0690214923004
0.590170949357
0.0282096046992
-0.168991938403
-0.13442814415
-0.138762633751
-0.101866970948
-0.345744915066
0.238319893634
0.237294329259
0.383371692332
-0.348092967138
0.350132705191
0.1562303699
0.226633459279
-0.225186031116
-0.311661058898
-0.0358383822829
-0.326959412605
-0.633544407049
-0.296665821559
0.112952708366
0.0642771868551
0.0330396697889
0.933599511033
0.00904938879187
-0.113300939832
0.230153975234
0.070966162883
-0.19152125258
-0.546855007144
0.0278866994761
-0.146872911573
0.53220236863
-0.482756367677
-0.0497232592475
-0.145661663756
0.0503983791078
-0.581863646611
-0.337270146055
0.220820552469
0.0973172916336
-0.206981593904
0.061989526909
-0.0771425353231
-0.638807840927
-0.225392124147
-0.0630741689157
0.107690719162
-0.815458366407
6.40922352754
-0.415661535164
0.00952301000159
-0.421031508176
-0.52407377044
-0.00865491189077
-0.290277318622
0.0770072932211
0.13212622321
0.459326231148
-0.223916682013
0.151826205747
-0.121447856803
-0.531832775044
-0.162339971424
0.0199990950945
0.058881184315
-0.393657413875
-0.503432200349
3.20483755358
-0.0693005429433
-0.513395897762
0.425310542943
-0.459056550246
0.116580636609
0.0128803000476
-0.309663830767
0.455835297666
-0.241327393237
-0.095821970154
0.234215578663
0.13333645023
0.414804791237
0.287494513415
-0.583650820765
0.674641439911
-0.000277920304811
-0.410377572631
-0.406664318146
-0.186622250161
0.0586609413282
-0.140176872985
-0.422315912315
0.236636518375
0.131900560928
0.00617410058027
-0.4851803804
-0.299786795616
-0.386205950999
0.30418210187
-0.693799522888
0.207057311412
0.0943913410703
0.575922946486
-0.307710909091
0.136765950999
-0.231236299162
0.381930257898
0.0817537588652
-0.202520818827
0.221440296583
0.121211811734
0.0424837330754
-0.311190586718
-0.137060728562
0.0480863249516
0.0100859058672
0.384697143778
-0.372127524178
-0.538559761444
-1.0845841844
-0.191091495809
-0.226062340426
6.69718773694
-0.611386466796
-0.172572450032
2.88809774339
-0.306148762089
-0.326929361702
-0.462163533204
0.293064603482
0.0643813733075
0.220244306899
0.124543030303
-0.124759329465
0.468407285622
-0.192300058027
0.207215577047
-0.317265963894
0.295124777563
0.124537833656
0.603463294649
0.142228620245
0.179804068343
0.311656350741
-0.131487878788
0.218804964539
0.388166054159
0.222357762734
-0.108010212766
0.0290769503546
-0.250056950355
0.526100225661
0.400588291425
-0.113406389426
0.208153675048
0.0296176273372
0.0919296453901
0.0534358736299
0.313678446164
0.256329800129
0.0995830883301
-0.084577936815
0.156760638298
0.766659329465
0.0986609606705
0.770898381689
-0.00791130238556
-0.327676428111
0.384705635074
0.250791637653
-0.348267582205
0.243360470664
-0.088395248227
0.251399310122
0.647217195358
0.686218768536
0.420915783366
-0.569500715667
-0.335234190845
0.103418098001
0.452675912315
-0.0893524822695
0.123737936815
0.114357279175
-0.271268768536
-0.01970655706
0.709472920696
0.12885417795
-0.178478484848
0.054647169568
0.864741031593
0.432528594455
-0.0424457962605
-0.60400346873
0.50762027724
0.000450883301099
0.626341818182
-0.242028620245
0.0271344680851
-0.488492333978
0.273346660219
-0.372840232108
0.302137911025
-0.0213040554481
-0.167046170213
0.0874919019987
-0.166717446809
0.0160133333333
0.335065815603
-0.0966492005158
0.868978588008
0.256536731141
-0.227614294004
0.209694003868
-0.890394539007
-0.158220386847
0.481741360413
-0.277261283043
-0.0544523404255
-0.534155841393
0.112413004513
0.483611818182
-0.382502147002
0.255518504191
0.605967098646
0.305758117344
-0.342000664088
0.197431760155
0.158632746615
0.579472598324
-0.00717279819472
-0.274831592521
0.258168052869
-0.149677137331
0.116945815603
-0.277186137975
0.425425615732
-0.0633535203095
-0.358988207608
-0.648739664732
0.225661205674
0.625675145068
-0.0559505093488
0.187607395229
-0.277646415216
-0.105846441006
-0.846753384913
-1.0317531657
0.113855441651
-0.139436763378
0.590908027079
-0.138639323017
-0.0316589555126
-0.237505248227
0.0208986718246
-0.0955838942618
-0.035780341715
0.271278336557
-0.019144281109
-0.421166421663
-0.555943694391
-0.0126998388137
-0.113233900709
0.104122817537
-0.602456466796
-0.339061760155
-0.74271592521
0.282282778852
-0.0519858800774
0.173907053514
-0.394129393939
0.0388984590587
0.180986763378
-0.00719771760154
7.02329027724
-0.0758371953578
0.0262394519665
-0.00166473243069
0.106044564797
0.569693539652
0.126378401032
0.347098401032
0.263006840748
0.369557150226
0.211055364281
0.194007859446
0.268813462282
-0.248135415861
-0.488101044487
-0.108182875564
0.013839658285
-0.329458529981
-0.183507988395
0.335894655061
-0.0570811411992
-0.130709000645
0.351019587363
-0.0336891940683
2.8110525274
0.0466385106383
-0.624157259832
0.0579409993553
-0.198487627337
0.446042656351
-0.402814474533
-1.21250741457
-0.585054474533
0.273443301096
0.00826368149581
-0.198015035461
0.518500186976
-0.0179095228885
0.149936853643
0.0383036234687
0.0918785106383
0.0236068214055
-0.164328027079
0.0851982914249
-0.277229432624
-0.150130573823
0.338021083172
0.719184023211
-0.250263990974
0.125270747905
-0.126376047711
-0.268880644745
0.0366839200516
-0.317727021277
-0.427468916828
0.0327421470019
-0.656712772405
-0.396800793037
-0.305993255964
0.0359018375242
-0.347927730496
0.0915058478401
-0.0308454545455
-0.0991221018698
-0.459836840748
-0.586912624113
0.412513262411
-0.0836765828498
-0.683101979368
-0.60472756931
-0.0907887409048
0.0305587851946
-0.137842654223
-0.331527927871
-0.287877367922
0.0897666782664
0.0754094685226
-0.417908721923
-0.0296629294527
-0.54901383423
0.275446010756
-0.303252027839
0.887467190762
0.345089424233
-0.39428649478
-0.0637576146789
-0.0843236665612
0.508186491617
-0.0499129610883
0.895773135084
-0.255196675103
-0.281387883581
0.215775615312
-0.0535710313192
0.437288010123
-0.33087696615
0.230126475799
0.148715482442
-0.0378946630813
-0.195218819994
0.115904115786
-0.420204925656
0.517015814616
-0.0285538089212
-0.49197469788
0.302873929136
0.310355719709
0.241899905093
0.463458706106
0.913120582094
0.288634596647
-0.556470990193
-0.276567032585
0.597753913319
0.155059360962
0.56564032901
-0.0474796899715
-0.0717843372351
-0.0251974185384
0.0448795919013
-0.319469525467
0.145250863651
-0.370922407466
-0.535032745966
0.0209295191395
0.670695665929
-0.0816307181272
0.349313982917
-0.542041743119
-0.199327810819
0.209289389434
-0.177074707371
6.93600612781
0.0365836602341
-0.190898184119
-0.124491429927
0.035129658336
0.243638196773
0.12527038279
0.398944460614
-0.010419180639
-0.0393499778551
-0.410220161341
0.188610509332
0.427180718127
0.0428841569124
0.112454808605
0.00513327744385
0.303195909522
-0.479655659601
-0.289086732047
0.0584527459665
0.352035678583
0.260905406517
-0.35452209111
0.0902045650111
-0.161490170832
0.0742547959507
0.143486928187
0.00957838975008
0.0823683865865
0.103332227143
-0.401715362227
0.367063366023
0.232390680164
0.431098873774
-0.164841018665
0.34524815881
0.263466466308
-0.311011031319
0.154677497627
0.0353278582727
-0.449155096488
0.315218396077
0.673255068016
0.00818690920595
0.134914441632
0.43413303385
0.186758544764
-0.205940933249
0.616531844353
-0.415371309712
0.27662270484
0.315644669408
0.249530180323
-0.268433245808
0.070785919013
0.452810294211
-0.000412008857964
-0.0249283517874
-0.0235697943689
0.380122426447
0.0851669376779
0.00441005061689
0.0849653685543
0.104722999051
0.150887621006
0.333027516609
0.38252905726
0.234631524834
-0.582109895603
-0.277464033534
0.312734979437
-0.573102110092
0.036560540968
0.233318949699
-0.863501527997
0.184724213856
0.0732817684277
0.406915298956
0.388235460297
0.206210692819
0.29146279342
-0.00738114520722
0.53111994622
0.515578728251
-0.1131703385
0.20204280291
0.236627469155
0.144300724454
0.398124387852
-0.0113063650743
1.23908219867
0.0877914109459
0.166739753243
0.0980217557735
0.098805919013
0.237706697248
-0.418905251503
3.41573338817
0.224519674154
-0.156862581462
-0.0397289307181
0.38529753559
0.566536716229
0.326564049351
-0.022152407466
0.640291420437
0.504558870611
0.635795539386
0.282322499209
0.132030268902
-0.467840041126
3.53405031636
-0.0478935716545
-0.107298832648
-0.155136912369
-0.222778136666
0.049868269535
0.376977377412
0.0589873141411
0.228662524518
-0.143419990509
0.0740612496046
0.146688443531
3.02827388168
-0.580196956659
0.248292505536
-0.00340073078141
0.380701676685
-0.0332305219867
-0.276150117052
-0.245070578931
-0.359687497627
0.0517813065486
-0.00548290414426
-0.0896954856058
0.263754220183
-0.3975721354
0.303884425815
0.228872534008
-0.0895957102183
-0.0661153400822
0.25316672572
0.289146222714
0.383777193926
-0.00640504587156
0.223678500475
0.189944062006
0.103019506485
-0.250811714647
0.11746682379
0.0533856342929
0.247981774755
0.106947671623
-0.0885448402404
-0.00267091110408
-0.360246441
0.611751537488
0.100801062955
0.609618370769
0.528191546979
0.263366241696
0.317750278393
0.160594324581
-0.221240075925
-0.479257744385
0.0247560835179
0.305363027523
0.397460629548
-0.427300332173
0.641411034483
0.292232742803
-0.240600879469
-0.573046172097
0.416503394495
-0.194567146473
0.323618892755
-0.351518392914
0.523533150902
0.396008797849
0.236504514394
-0.296705982284
-0.00357523884846
0.0872841062955
-0.466103685543
0.24919455552
0.109192745966
0.079979658336
0.15043018665
-0.117007383739
0.54212455552
-0.608394251819
0.362029680481
0.27640307814
-0.852898785195
0.674270990672
0.0380656416854
0.0912597394661
-0.353819498231
0.409216841428
0.707742177549
-0.340130662592
6.95091559022
-0.916677992924
-0.228983071727
-0.581648774526
-0.972208600836
0.171029755548
-0.169006358958
0.279098394982
-0.370315078803
0.532453975555
0.087985686716
0.165514303635
0.813921749759
0.0529618494693
0.184551334834
-0.238885918302
0.245617861049
-0.0955449983918
-0.0332564200708
-0.0317447700225
-0.254395252493
0.00764970408492
-0.0524707655195
0.0949118012223
-0.410397597298
0.156948314571
0.371826082342
-0.310971174011
0.424953300096
0.263244023802
-0.219830685108
0.0188050595047
-0.091856854294
0.758572930203
-0.595313991637
-0.0210385686716
0.0824085815375
-0.00748081055001
-0.107897549051
0.483033869411
0.0214023769701
0.374981100032
0.221387233837
-0.182897629463
-0.463389958186
-0.246563322612
-0.406499578643
0.0544440302348
0.112338694114
-0.0662252492763
0.472506754583
0.0355636699904
0.0810422997749
0.573335297523
0.083198021872
-0.377674322933
-0.154559166935
0.498806034095
-0.617417590865
0.482098633001
0.102793007398
0.226406535864
0.466959588292
-0.132057597298
-0.111574242522
-0.058783908009
-0.998118501126
0.398105258926
-0.185390614345
0.0281942264394
-0.221529749115
0.345997629463
0.0946875972982
-0.38533870698
0.0016468221293
0.166757742039
0.265187298167
0.0146321100032
0.127204075265
-0.465104429077
-0.144905342554
-0.191350781602
-0.494280151174
0.225872122869
0.456943946607
0.727778726279
0.357614570601
0.235252126086
-0.213752248311
-0.432746780315
-0.40968778707
0.190385172081
0.0330475940817
-0.0537136281763
0.11528589257
-0.00767736892891
-0.181820794468
0.396571125764
0.00686348665166
-0.190477983274
-0.415560669025
-0.0240207655195
-0.0878806722419
-0.0885352074622
-0.177089414603
-0.175988571888
-0.490047217755
-0.227797330331
-0.376119913155
-0.332841424895
0.371952544226
0.642501498874
-0.178288156964
-0.300252261177
0.0237286297845
0.292642524928
-0.122604782888
0.462290630428
0.0580664522354
7.52714639112
-0.087777864265
0.381402428434
-0.0281449823094
0.0427123769701
0.981906436153
-0.111205008041
0.632300376327
-0.869851067867
-0.125936699904
0.104694509489
0.370187700225
0.445597693792
-0.0128694306851
0.237632039241
-0.0796371823738
-0.486391633966
0.157158507559
-0.304345336121
0.136365660984
-0.157886574461
-0.634173785783
0.321206391123
0.709532553876
-0.158519745899
-0.318822766163
-0.113853563847
0.111723013831
0.442116706336
-0.268775448697
-0.552328661949
0.395599880991
-0.0207479897073
0.312349166935
-0.128365516243
2.99731721454
0.293828449662
0.699810289482
0.383196088775
0.103942824059
0.215748009006
-0.353129166935
0.555156227083
0.433975329688
-0.0354525635252
-0.0208137922162
-0.315237545835
-0.631575924735
-0.512164367964
0.243103541332
0.189753354776
-0.0950680636861
-0.36660714056
0.202415184947
-0.0213367320682
0.00378081698295
0.0934896397555
0.155926371824
-0.241872071406
0.0978411257639
-1.16049469926
-0.71480215825
0.190871666131
-0.00853586362174
-0.0613303055645
0.785131592152
-0.477838179479
0.516764097781
-0.0918883917658
-0.856214454809
0.0600055741396
0.346677134127
0.0150334898681
-0.0862405178514
-0.212782399485
0.368758198778
0.0788032454165
-0.162868645867
-0.369493891927
-0.756638793824
-0.0269373271148
0.243549070441
-0.190154577034
-0.404444663879
-0.0581673431972
-0.0232803248633
-0.502721997427
1.68903406562
0.146477873914
0.277797825667
-0.619266564812
-0.360563203602
-0.151056259247
0.0832161595368
0.560695796076
-0.311633927308
-0.168801026053
0.098663708588
-0.00284093277581
0.227805815375
0.226929118688
0.137286786748
-0.368776272113
0.424892393052
-0.172981071084
0.0792278288839
0.471241974912
0.518971624316
-0.199510308781
-0.102383766484
-0.371050418141
-0.0344506014796
0.0591105950466
-0.14829784175
0.150509131554
-0.171690855581
0.262754876166
-0.19486708588
0.373608600836
-0.0913987616597
-0.0989947539402
0.0300323673207
0.247437536185
-0.435870833065
-0.374481653265
-0.0191557799936
0.910321045352
-0.424692319074
-0.0371344580251
-0.162914486973
0.459316783184
-0.13936244371
0.422295964415
0.335999688238
0.244209611085
0.309293618328
-0.256444649661
-0.613542870414
-0.508448326248
0.186762804283
0.22757808849
0.312490779405
-0.209916880806
0.0591256447804
0.317321443867
-0.145746436782
-0.0640566855613
-0.0363560856558
-0.172404687451
0.133874048181
-0.0748703810424
0.304585718784
-0.332090140135
-0.759921544639
-0.153690222012
0.627980917966
-0.161265329869
0.510131513148
0.314464063927
0.187874068651
0.243084838608
-0.644658490002
0.0522829617383
-0.430040102346
-0.362045003936
0.20786830263
-0.421270015746
-0.463978963943
-0.140204807117
0.107277682255
-1.00047829318
6.62697263423
-0.343583134939
-0.257815317273
0.0549154841757
-0.222399263108
-0.023727019367
-0.294029190679
-0.171820286569
0.336273419934
-0.267952679893
0.449727945205
-0.0509829050543
0.00761747598803
0.261030406235
0.06330955755
2.67963349079
-0.0137668871044
-0.474148079043
-0.377759582743
-0.202661917808
-0.360938694694
-0.0803215761297
-0.150261147851
-0.0463431837506
-0.598430374744
0.147626570619
0.0215948575027
0.0360111604472
-0.194863637222
0.0784933506534
2.70309612974
-0.053640470792
-0.398725299953
0.0789223350653
-0.180339376476
-0.342797488584
-0.265653378995
0.010567716895
-0.46478478035
-0.163542679893
0.087602240592
0.16747614234
-0.00092361990238
-0.46250118564
-0.225231565108
0.191955577074
0.172715054322
-0.181079455204
0.70204320422
0.132104829161
0.12110808849
0.586385189734
-0.37434194615
0.015510870729
-0.0291544418202
0.356941291135
0.116888541962
-0.100040544796
0.149305122028
0.313691681625
-0.408186780035
0.203376687136
0.0320787041411
-0.653377016218
0.0513094977169
-0.160248929302
0.0570595685719
-0.347130505432
0.119200379468
-0.0188358431743
-0.620883264053
0.343076156511
0.629706313966
-0.374911683199
0.495689719729
-0.102899796882
0.29850605259
0.160647652338
-0.585348656904
-0.0106721650134
0.141793275075
0.286959185955
-0.129822945993
-0.416056647772
0.348552259487
-0.676439289876
-0.127969740198
-0.0695149031649
-0.125308179814
-0.152423174303
-0.166388554558
-0.512495895135
-0.254425140923
-0.389119009605
-0.494100267674
0.58446086758
-0.133221092741
0.389775306251
-0.184060044088
-0.269680146434
0.189830262951
0.0844318989136
-0.0814444654385
0.0371104786648
-0.0922140198394
-0.286696432058
-0.160254400882
0.0833741347819
0.166839976382
-0.374909259959
-0.143709844119
0.163138801764
-0.382106416312
0.231061054952
-0.0937308974965
-0.308465059046
-0.129869600063
-0.31029200126
-0.260835641631
-0.678045695166
-0.61801801606
-0.399019311919
-0.256646447803
-0.180852627933
0.0242335632184
0.0978185860494
-0.307892712959
-0.238636956385
-0.577828263266
-0.0149325743977
-0.399182037474
-0.41211378838
-0.0579369311919
6.59456467013
-0.133097702724
0.17420658479
0.436501843804
-0.858876145489
0.215289338687
0.0239946307668
-0.221601032908
-0.0159749157613
-0.365032355535
-0.201792399622
-0.502571509998
-0.312898878917
-0.0693631695796
-0.10788546843
0.0264238702567
-0.160013994647
-0.280765441663
0.104854810266
-0.0217720642419
0.127240058259
0.210936095103
-0.795146769013
0.345972002834
-0.171596019524
-0.522508586049
0.0963390458195
-0.147073475043
-0.62048444182
-0.0311611053377
-0.096172711384
-0.42161067391
-0.62336054952
0.153960374744
0.16920254763
-0.731178387655
0.0485747866478
-0.134424448118
-0.727150985672
-0.226118959219
-0.113469108802
-0.697956202173
-0.483501062825
-0.323421350968
-0.150979607936
0.0858760132263
-0.146004885845
-0.189050121241
0.0402748842702
-0.229380203118
-0.0635269941741
-0.309687463392
0.689157545268
-0.615339603212
-0.123267008345
-0.280840410959
-0.544939828373
-0.0121868241222
0.00781462761769
0.42337748701
-0.917142095733
-0.128521661156
0.293472012282
0.186119055267
0.125129075736
-0.097783437254
-0.170326923319
0.101042209101
0.302368208156
-0.0577912187057
-0.203800588884
0.171261809164
-9.50889623681e-05
0.462700609353
0.233651188789
0.0740808723036
-0.208576435207
0.229065425917
-0.362109263108
0.426388540387
-0.818659607936
-0.0829145740828
