-0.0156148040455
 -0.0011703539823
 0.00118472187105
 0.00660070164349
 -0.0113374905183
 0.00751144121365
 -0.000630644753478
 4.82806573956e-05
 -0.00348622629583
 -0.0157034070796
 0.000473811630847
 0.00400931731985
 0.0188723830594
 -0.0169300063211
 0.0109524209861
 -0.0096907585335
 0.00282925410872
 -0.00237609987358
 -0.00310233249052
 -0.0010639380531
 -0.0223466561315
 -0.0195069848293
 -0.00828763590392
 -0.00237244627054
 -0.00129957016435
 0.0110327180784
 -0.000811156763589
 -0.00648121997471
 0.0428388621997
 -0.00276791403287
 0.0253016434893
 -0.0234151074589
 -0.00624940581542
 0.0134071238938
 0.0185125916561
 -0.0166388242731
 -0.0133300948167
 0.0203496207332
 -0.00562642225032
 0.00077240834387
 -0.0012867193426
 -0.0238705120101
 0.0100864981037
 -0.0181897281922
 -0.00714306573957
 -0.00130753476612
 -0.0196074020228
 -0.00676364728192
 -0.00198953223767
 0.0192508470291
 0.00388572060682
 0.00150712389381
 0.00815084070797
 0.00872351453856
 -0.0116958027813
 0.0126096713021
 0.00676717446271
 -0.0287612705436
 0.00221199115044
 0.00749907711757
 -0.00408445006321
 -0.00925800884956
 -0.0121566624526
 -0.0232147787611
 -0.00811315423514
 -0.020033653603
 -0.00575970290771
 -0.010260562579
 -0.00129092288243
 0.00949231352718
 -0.00610012010114
 0.00677627686473
 -0.0277062642225
 0.0164081731985
 -0.0028854045512
 0.000966738305941
 0.00459059418458
 -0.00624339443742
 0.00953823640961
 -0.0146013527181
 -0.0159635651075
 -0.00481945638433
 0.00297802781289
 -0.013242863464
 -0.00451024652339
 0.00165768647282
 0.00749738938053
 0.0107319595449
 0.0157641276865
 -0.00574998103666
 0.00349201643489
 -0.00151455120101
 0.00274831858407
 -0.00574745259166
 0.000207281921622
 0.0101955562579
 -0.0237369595449
 -0.00800023388116
 -0.000979216182049
 0.00694702275601
 0.0158034134008
 -0.0239944563843
 -0.0085567699115
 -0.0125674525917
 -0.0060472756005
 0.0315633565107
 -0.00551420986094
 -0.00303004424779
 -0.00586399494311
 -0.018681346397
 -0.0133004298356
 -0.00192429835651
 -0.000857749683945
 -0.00609543615676
 -0.00546003792668
 -0.00542341340076
 -0.00526132111252
 -0.004642528445
 0.0223378002528
 -0.00288824273072
 -0.0101918015171
 0.0091045448799
 0.00352802781289
 0.00872392541087
 -0.0040693426043
 0.0411973893805
 -0.000818843236409
 -0.0183521871049
 0.0153531352718
 -0.00298195322377
 -0.00295888116308
 -0.0170080088496
 -0.00596697218711
 0.00610330594185
 -0.0051080783818
 -0.00773616940581
 0.00709673830594
 0.00637876738306
 -0.0165581415929
 -0.00374886852086
 0.00822377370417
 0.0100151074589
 -0.0188501517067
 0.000587806573957
 -0.00178094816687
 -0.0185657585335
 0.000531188369152
 -0.0104866624526
 -0.00720786978508
 -0.0161369279393
 0.00983070164349
 -0.0159047597977
 0.0015104045512
 -0.0226971238938
 -0.0145968204804
 0.00746231984829
 0.0141266371681
 -0.0182302970923
 0.00390990518331
 -0.00483818584071
 0.00984336915297
 0.00184042351454
 0.00137054361567
 -0.0165871997472
 -0.0129980404551
 -0.0190372187105
 -0.00814329329962
 -0.00808038558786
 -0.0217114285714
 -0.00487874841972
 -0.0122228318584
 0.0149088874842
 -0.00280018963338
 0.00131500632111
 -0.00518079013906
 -0.000380771175728
 -0.00694326801517
 0.0271262326169
 -0.00524091656131
 -0.00636513906447
 -0.0174007964602
 -0.000932547408343
 -0.0167384955752
 0.000263634639698
 -0.00371264854614
 -0.00888552465234
 -0.00578761694058
 0.00366401390645
 0.0197862642225
 0.00130396333754
 -0.00368092920354
 -0.012783596713
 -0.00387510745891
 0.010666460177
 -0.010275676359
 -0.0127241529709
 -0.0040935335019
 0.0132976485461
 -0.0134833944374
 0.0350854298357
 -0.00255525916561
 -0.0001439380531
 -0.00211906447535
 -0.0051806573957
 0.00292001896334
 -0.00575769279393
 0.0112523767383
 -0.0178633438685
 -0.0103195069532
 -0.00921343868521
 -0.0165411125158
 -0.00999266750948
 0.00558178887484
 0.000680372945638
 -0.0148644184576
 -0.011156011378
 0.0155002591656
 0.00245826801517
 0.00433750316056
 -0.0209914981037
 -0.00872391276864
 0.0090464664981
 0.00247662452592
 0.00192350821744
 0.0111211567636
 -0.00637243994943
 0.00165022756005
 0.00467993678888
 -0.00627697218711
 -9.53982300871e-05
 -0.00464652970923
 -0.0105414285714
 0.00957138432364
 -0.0135332490518
 0.00473618204804
 -0.0107978761062
 0.00392655499368
 -0.0104800884956
 -0.0127137357775
 -0.0055481795196
 -0.0093756573957
 -0.00849637168142
 -0.0239228192162
 0.00223719342604
 0.00178708596713
 0.00423472819216
 -0.0133335524652
 -0.0159857901391
 -0.0151259418458
 -0.00893124525917
 0.0123087737042
 0.0279977876106
 -0.00766456384324
 0.0145138053097
 -0.0174650821745
 -0.0136972819216
0.0239915151515
 -0.00121085858586
 0.00663179292929
 0.0193438888889
 0.000445757575758
 0.00816111111111
 0.0278117676768
 0.000899974747472
 0.0307067424242
 0.0087055050505
 0.0146438383838
 -0.00379111111111
 0.00730512626263
 -0.00276845959596
 -0.000356843434343
 -0.00601222222222
 0.00896121212121
 0.0206818939394
 0.00210121212121
 0.00844835858586
 0.0141307323232
 0.0285444444444
 0.025155
 0.0239952525253
 -0.00737186868687
 0.00939906565656
 0.0159412878788
 0.0079472979798
 -0.000412272727274
 0.0134734343434
 -0.00289684343434
 0.0134170454545
 0.00623628787879
 0.0127031818182
 -0.00528785353535
 0.0173216919192
 0.00670042929293
 -0.017426010101
 0.00876767676768
 0.00705391414142
 0.00942924242424
 0.0203896464646
 0.0258801010101
 -0.00545063131313
 0.00617237373737
 0.000547196969695
 0.025211540404
 0.0210618181818
 0.00553265151515
 0.0217771969697
 0.0146272222222
 0.028580959596
 0.0143431565657
 0.0116396464646
 -0.00713454545455
 0.00634911616162
 0.0222689646465
 0.0108914393939
 0.0255419444444
 0.0167673484848
 0.012045959596
 0.0130460606061
 0.0211211616162
 -0.00048191919192
 0.0326148232323
 -0.000221515151516
 0.000838257575758
 0.0108494191919
 0.0261276010101
 0.0152866666667
 0.01873
 0.0139626515152
 0.00465042929293
 0.0165288888889
 -0.0165274747475
 0.00655717171717
 0.0230737626263
 0.00191628787879
 -0.00711434343434
 0.0235454040404
 0.0041348989899
 0.0120570959596
 -0.000494393939395
 0.0232288383838
 0.00912214646465
 0.00541194444444
 0.0198841161616
 0.0146707828283
 0.00793636363636
 0.00511133838384
 0.00529257575758
 0.0211090656566
 0.0179047222222
 0.0389642424242
 0.0110738888889
 0.0245539393939
 0.012018030303
 0.00106222222222
 0.035286969697
 -0.000442373737375
 0.00398484848485
 0.00677098484848
 0.0295140656566
 -0.0388784848485
 0.00901295454545
 0.000655151515151
 0.0139862626263
 0.0091373989899
 0.0278825252525
 0.0149313888889
 0.0197605050505
 0.00332204545455
 0.00837340909091
 0.0114553282828
 0.0445502777778
 0.00339641414142
 0.011004469697
 0.00759295454545
 0.00429659090909
 -0.0147666666667
 0.00596265151515
 0.00308881313131
 0.00123931818182
 0.0264299242424
 0.0209202020202
 0.0131011616162
 0.0125739141414
 0.0105676010101
 0.0167941414141
 0.0106411616162
 0.00662474747475
 0.0184747222222
 0.0147083333333
 0.0224363383838
 0.0136453535354
 0.0141386111111
 0.0147389393939
 0.00959439393939
 0.0127343686869
 0.0117604040404
 0.0117980555556
 0.0292119949495
 0.00639628787879
 -0.00139083333333
 0.00542138888889
 0.00160583333333
 0.0107456313131
 0.0200291666667
 0.0163578282828
 0.00957421717172
 0.0212323484848
 0.0047475
 -0.0141246717172
 0.0124922979798
 -0.00425318181818
 0.00959070707071
 0.020528459596
 0.0288333585859
 -0.00423191919192
 0.00197845959596
 0.0076669949495
 0.0116657828283
 -0.0153703282828
 0.0258987373737
 0.0240847222222
 0.0314478787879
 -0.00813401515152
 -0.0189103787879
 -0.00199416666667
 0.0168136616162
 -0.0195702272727
 -0.00425926767677
 0.00277537878788
 0.00561936868687
 0.0143812373737
 0.0406959848485
 0.00752146464646
 0.0298291666667
 -0.00255843434343
 0.00160618686869
 0.0228726515152
 -0.0173140656566
 -0.0087143939394
 0.00841593434344
 0.0103100252525
 0.0153233585859
 0.0127114141414
 -0.0135393686869
 0.00589547979798
 0.00624712121212
 -0.00597712121212
 0.00796792929293
 -0.0057897979798
 0.0108138131313
 0.0116386111111
 0.0269707575758
 -0.000115303030306
 0.00653507575758
 0.0210336111111
 0.00967916666667
 -0.000372500000001
 0.0133140656566
 0.0339953787879
 -0.000893055555558
 0.0257762878788
 0.00275565656566
 0.0143201515152
 0.0293871717172
 0.0109479040404
 0.0360505555556
 0.0368128282828
 0.0169218434343
 0.0109638131313
 0.0137917929293
 0.00945131313131
 0.00185055555556
 0.0407007070707
 0.0182965656566
 -0.000730959595959
 0.0115103535354
 0.0143757828283
 0.0375669949495
 0.00942376262626
 0.00550686868687
 0.017964040404
 0.00401868686869
 0.00990588383839
 0.0175864393939
 0.0118730808081
 0.019844040404
 0.00443957070707
 0.0274839141414
 0.0270373484848
 -0.00462133838384
 0.00654272727273
 -0.0144216414141
 0.0225534848485
 0.0148806818182
 0.0136416919192
 0.0370595707071
 0.0214270959596
 0.0286533333333
 0.000697095959595
 0.00192732323232
 0.0237891666667
 0.0116976515152
 0.0128483838384
 0.0011298989899
 0.0228959090909
 0.000827171717173
 -0.00297742424243
 -0.0160921717172
 0.00295702020202
 0.0157778282828
 0.00778085858586
 0.0118944444444
-0.00535737257377
 0.00502718163169
 0.00679884882436
 -0.0214455444216
 -0.0028767058545
 -0.00951067539845
 -0.00303911630109
 -0.00666690389775
 -0.0283142236074
 -0.0124310817422
 -0.00737628294145
 -0.0334455436326
 -0.0179374491084
 -0.00695785781916
 -0.00295201909421
 -0.0149324964494
 0.00304956288464
 0.0159361740571
 -0.0214819496607
 -0.018857665299
 -0.00464138156856
 0.00194608253117
 -0.0269176487297
 -0.016415138867
 -3.25422124021e-05
 -0.00756159697018
 -0.0295946623008
 -0.0202935166483
 -0.0234553763611
 -0.0157147609279
 -0.00266881805271
 -0.00568556888118
 -0.00994823418021
 -0.0209968052706
 -0.0269781095155
 -0.0158288101625
 -0.00331509152596
 -0.031698224712
 0.00615575193309
 -0.00328715086003
 0.000992888590815
 -0.0193752603756
 -0.0092421587502
 0.000636890484458
 -0.00519420151491
 -0.00820622060912
 -0.0121067042765
 0.0180651230866
 0.0138883477986
 -0.0241537099574
 -0.00209062095629
 0.000813941139342
 -0.0187130022092
 -0.0273485718794
 -0.00619041502288
 0.000281245068646
 -0.00802740334543
 -0.0122381497554
 -0.0128016735048
 -0.00358633580559
 -0.00784568407764
 0.00744680527063
 -0.00917546788702
 -0.0225674183368
 -0.0148795226448
 -0.025068224712
 -0.00625792567461
 -0.00959432460155
 -0.00646857187944
 -0.0176219125769
 0.014156167745
 -0.0118288235758
 -0.0104246623008
 -0.00910895455263
 0.00534156777655
 0.00167268896954
 -0.0142376329493
 -0.0294148926937
 -0.0137298066909
 0.00643148335174
 -0.000201082531166
 -0.0104240697491
 -0.0214126810794
 0.0148710375572
 -0.0120182633738
 -0.0222873425911
 0.00211906974909
 0.0110299605492
 -0.0154981103046
 0.00123983825154
 0.00222318052706
 -0.00493515385829
 -0.00341037715007
 -0.0139011590658
 -0.029565138078
 -0.0152152761559
 -0.00486185024459
 -0.0114762971438
 -0.00314816474673
 -0.0072231868392
 -0.0185768502446
 -0.000405445005523
 -0.0215469204671
 -0.00455617563516
 -0.0154406288465
 -0.00738467650308
 -0.0164619188891
 -0.00207659065804
 -0.00289804955026
 0.0199850694335
 -0.0250515196465
 0.00237914786176
 0.00782927883857
 -0.0161689174688
 -0.0129697380464
 -0.0113520498659
 0.000814906896007
 -0.011335044974
 -0.0115560359792
 -0.0236858450371
 0.00825524617327
 -0.0223879020041
 -0.00531904844564
 -0.00269380227237
 -0.033124814581
 -0.0146681481774
 -0.0250572723686
 -0.000557449897428
 -0.00530585292725
 -0.00963248777024
 0.00188364762506
 -0.00883443979801
 0.00343196701909
 -0.0333598698122
 -0.00860153542686
 -0.00102188259429
 0.00637259586555
 0.000448672084584
 -0.00991311819473
 0.0072658221556
 0.000122934353794
 -0.0209797774972
 0.0139759681237
 -0.00201259507653
 -0.00437077639261
 -0.0178109681237
 0.00797691178791
 -0.0223389853243
 -0.0223015583083
 -0.0106206675083
 0.0129506225343
 0.00198963941929
 -0.016017104308
 0.000887411235603
 -0.0241373039293
 -0.00760062095629
 -0.0133300157803
 -0.0225253519015
 0.00571913287044
 -0.00299953211299
 0.00735588369891
 -0.0155617129557
 0.00924825627268
 0.00616051364999
 0.00846533848824
 -0.0152625185419
 -0.00797505365315
 0.00500606043869
 -0.0166744011362
 -0.00779834779864
 0.0048203692599
 -0.0104983414865
 -0.0108000078902
 -0.0106395471043
 -0.0152110675398
 0.00849292567461
 -0.0179729958971
 -0.0059901451791
 0.0241197009626
 -0.00359259507653
 -0.0143028578192
 -0.0108374648887
 -0.00610518384094
 0.0114060667508
 -0.00279287281048
 -0.0255537557204
 -0.00970530771659
 -0.000222006469937
 -0.0109973891431
 0.0165098698122
 -0.0150415504182
 -0.00875300220925
 -0.0134356903898
 -0.0186868881174
 -0.0209542243964
 -0.021076634843
 -0.028910982326
 -0.00569061385513
 0.0040583785703
 -0.0167483785703
 0.00167524538425
 -0.0189535245384
 -0.0274684014518
 0.00194014517911
 -0.0153288393562
 0.00836502367051
 -0.0137705680922
 0.0252054071327
 0.000130091525957
 -0.0180872352848
 -0.018337011204
 -0.0069002524854
 0.0107282412814
 -0.0239928633423
 -0.00813646599337
 -0.000352664510022
 -0.0221155223292
 -0.0216232554837
 -0.00356300220925
 -0.00332963941928
 -0.0202586089632
 -0.00567156619852
 -0.0228477875967
 -0.00372116695597
 -0.0113814352217
 -0.00679567618747
 -0.0027925185419
 -0.00893099100521
 -0.00587282546946
 -0.00232384724633
 -0.00969375650939
 0.00752424017674
 0.00257831071485
 -0.00358783335964
 -0.0152354836674
 -0.0133846993846
 -0.0265357685024
 -0.0219667429383
 0.00970207432539
 -0.0154076487297
 -0.00586460706959
 -0.0171869038977
 -0.0106687943822
 0.00688903897743
 -0.0182609128925
 0.000251489663878
 -0.00569983904056
 -0.0216764746726
 -0.00676910841092
 -0.00697913918258
 -0.00549697333123
 -0.0107170190942
 -0.0231552296039
 -0.00299093577403
 -0.0199184409026
 0.00849071327126
-0.00523786885246
 0.00728278688525
 0.00419942622951
 0.00522959016394
 -0.00818532786885
 -0.00622868852459
 0.0225632786885
 0.00819655737705
 0.0137794262295
 0.0129582786885
 0.0227251639344
 0.0146765573771
 -0.00227204918033
 -0.00418172131148
 0.00409696721312
 -0.00879
 0.0284793442623
 0.012055
 0.023473852459
 0.0181258196721
 0.005245
 -0.00994713114754
 -0.00348229508197
 0.00375483606557
 0.00554655737705
 -0.000483934426232
 0.00634631147541
 0.00197057377049
 -0.0061993442623
 0.0156668852459
 -0.023637704918
 0.000231967213114
 -0.00778491803279
 0.0181800819672
 -0.00717770491803
 0.00947524590164
 0.0117056557377
 0.00553360655737
 0.0104426229508
 0.0181020491803
 -0.00240073770492
 0.0178799180328
 -0.00396196721312
 -0.00464467213115
 -0.0220117213115
 0.0350580327869
 -0.00575090163935
 0.00870991803279
 0.0044324590164
 -0.0159045901639
 0.00103204918033
 -0.0100313934426
 0.0278748360656
 -0.00530655737705
 0.0110659016393
 -0.00443852459016
 -0.00712647540983
 -0.00385598360656
 0.0154776229508
 0.0129290163934
 0.0246836065574
 -0.0154186065574
 0.00982262295082
 0.0168247540984
 0.00889581967213
 -0.00398393442623
 0.0384725409836
 0.0101564754098
 -0.0080331147541
 0.0181281967213
 -0.0040056557377
 -0.0133363114754
 0.0189589344262
 -0.0159768032787
 -0.00912631147541
 0.00768836065574
 0.00198950819672
 0.00261844262295
 0.0145474590164
 0.0110726229508
 -0.015111147541
 -0.00404081967213
 0.0113855737705
 -0.00154844262295
 0.000295819672132
 0.0138004918033
 0.00130959016393
 0.00278
 0.00105204918033
 -0.0019456557377
 -0.00702237704918
 -0.0157821311475
 0.00125114754098
 0.00657073770492
 0.00492065573771
 -0.00804696721312
 0.00175598360656
 0.0100387704918
 0.0187252459016
 0.00249581967213
 -0.0108114754098
 0.00178418032787
 0.00719254098361
 -0.0660279508197
 0.0115730327869
 0.00480598360656
 0.0129583606557
 0.0133800819672
 0.00941278688525
 -0.00407532786885
 0.0132550819672
 0.0211308196721
 0.00161344262295
 0.022347704918
 0.01021
 -0.0108986885246
 0.00908926229508
 0.0080731147541
 0.00980655737705
 -0.0101081967213
 -0.00520926229508
 0.0102597540984
 0.00406672131147
 0.0169979508197
 0.00420737704918
 0.00578827868852
 0.0106302459016
 0.0120216393443
 0.0158513114754
 -0.0012618852459
 0.0161274590164
 0.00900352459017
 0.00260450819672
 0.013258442623
 0.0174050819672
 0.00315557377049
 0.00459704918033
 0.00241729508197
 0.011347704918
 0.0105786065574
 -0.00393680327869
 0.0263270491803
 -0.00469459016393
 0.035636147541
 0.0155027868852
 0.027335
 0.0081568852459
 0.0174762295082
 0.00600532786885
 0.0090162295082
 -0.00719614754098
 0.00548008196721
 0.0273004918033
 0.00970204918033
 0.00695024590164
 0.00486631147541
 0.0128945901639
 0.00475057377049
 0.00115877049181
 0.00226467213115
 -0.0072056557377
 -0.0142209016393
 0.00915737704918
 0.0081356557377
 -0.00119590163935
 0.00921737704918
 0.0122377868852
 0.0239092622951
 0.0212452459016
 -0.00998180327869
 -0.0185731147541
 -0.00110606557377
 0.00800901639344
 0.00557491803279
 -0.017055
 -0.00820475409836
 0.00642008196721
 -0.00633032786885
 -0.000264180327868
 0.00159713114754
 0.000440491803278
 -0.000586803278686
 0.0112598360656
 0.00262270491803
 0.0134745081967
 -0.000982786885249
 0.0131909016393
 0.0298964754098
 0.00291614754098
 -0.0105182786885
 0.014866147541
 0.0284905737705
 -0.0139575409836
 -0.00373655737705
 0.00469245901639
 0.00171057377049
 0.00543549180328
 0.00135639344262
 -0.00240844262295
 0.00693155737705
 0.00119
 -0.00747057377049
 0.0159708196721
 0.0190016393443
 -0.00200516393443
 0.00603631147541
 0.00957754098361
 -0.00176647540984
 0.0332240983607
 0.00109950819672
 -0.0128019672131
 0.0115459016393
 0.00634172131148
 -0.000197950819672
 0.00389172131148
 0.00570073770492
 -0.00672860655738
 -0.000823114754098
 -0.00049975409836
 0.00178647540984
 0.00197270491804
 0.016198442623
 -0.00612770491803
 -0.0148500819672
 -0.00456090163934
 0.00930163934427
 -0.00757491803278
 -0.0027962295082
 0.0105731967213
 0.00669409836066
 0.0239220491803
 0.0058168852459
 -0.00218008196721
 0.00224098360655
 0.0282659016393
 0.0254504918033
 -0.00440565573771
 -0.00888934426229
 -0.00401008196721
 0.0028637704918
 0.0265279508197
 0.0185781967213
 0.0234926229508
 0.0211232786885
 -0.00486008196721
 0.023763442623
 0.00325180327869
 0.00410721311475
 0.0243685245902
 0.015103852459
 0.0331809836066
 0.00993852459017
 0.016761147541
 -0.0127816393443
 -0.00136852459017
 0.00548278688525
-0.0021612755102
 -0.000325892857141
 -0.0121425255102
 -0.00355329081632
 -0.0137467091837
 0.0154332908163
 -0.0156143622449
 -0.0112358928571
 -0.0141728571429
 0.00883676020408
 -0.00446385204082
 0.0213027806122
 0.0083543622449
 -0.00745821428572
 -0.00657173469388
 -0.00421410714286
 -0.0148628061224
 0.00540959183673
 0.00530206632653
 0.0142598214286
 0.00589869897959
 -0.00693954081633
 0.0108055102041
 0.0111064795918
 0.0065637244898
 0.00169849489796
 -0.00304400510204
 0.0136186479592
 -0.013479005102
 -0.0190842857143
 -0.00153839285714
 -0.00166441326531
 0.00231795918367
 0.0129640816327
 -0.0163092602041
 -0.00814341836735
 0.00789219387755
 -0.00684668367347
 -0.0094381377551
 0.00227155612245
 -0.00204793367347
 0.0193331632653
 -0.0151013010204
 -0.0152408163265
 -0.00787112244898
 -0.0142636989796
 0.0100785459184
 -0.0106882397959
 0.0161667346939
 -0.00610767857143
 0.0129885459184
 -0.00395823979592
 0.00517864795918
 -0.00536071428571
 0.01097625
 -0.0186135204082
 -0.000174056122447
 -0.00925823979592
 0.0149304081633
 0.0113150255102
 -0.0143548469388
 -0.00403321428572
 0.0124067857143
 -0.00204892857143
 -0.00546125
 -0.00268798469388
 -0.00625918367347
 0.00787242346939
 0.010417244898
 0.0110083928571
 -0.0194555867347
 -0.0022686989796
 0.0168434693878
 0.010771377551
 0.0186472959184
 0.00735275510204
 0.00654125
 0.0255808673469
 0.00245520408163
 -0.00119015306122
 0.00501744897959
 -0.0281786479592
 0.0170100510204
 -0.00161864795918
 0.00224614795918
 0.0187162244898
 0.00927096938776
 0.00591775510204
 -0.0215163265306
 0.00784676020408
 -0.0122698469388
 -0.000462678571427
 -0.000475025510202
 -0.000494438775512
 -0.00456882653061
 -0.00898859693878
 -0.0166906122449
 -0.00591765306122
 0.0128954846939
 0.000287984693877
 0.0229266581633
 0.0140302806122
 -0.00840015306122
 -0.0305925
 -0.00277102040816
 -0.00226306122449
 -0.0087643622449
 0.00117109693878
 -0.00414614795918
 0.00223829081633
 0.00147658163266
 -0.0221229336735
 -0.00275831632653
 -0.00640020408163
 -0.00802022959184
 0.0104125255102
 -0.0213519387755
 -0.00929306122449
 0.0041081632653
 -0.00450943877551
 -0.0113847704082
 0.0031749744898
 -0.00571801020408
 -0.00264349489796
 -0.0183130102041
 -0.0062956122449
 0.0213438520408
 0.00697459183673
 -0.00225073979592
 0.00726798469388
 -0.00695331632653
 0.00160964285714
 0.00814477040816
 0.0376079846939
 0.0137452040816
 0.00164038265306
 0.000887091836734
 0.00508420918367
 -0.00957176020408
 0.00878823979592
 -0.0259003571429
 -0.0180334183673
 -0.0110743367347
 0.00134619897959
 -0.00918497448979
 -0.0165967602041
 0.00020737244898
 -0.0123900510204
 -0.0183982142857
 -0.0125241581633
 0.0145842346939
 -0.0231542857143
 -0.0057525255102
 0.0124238520408
 0.00521168367347
 -0.0129296173469
 -0.00371992346939
 -0.0257824744898
 0.00464431122449
 -0.00552885204082
 -0.0179744642857
 0.00195612244898
 0.0111746173469
 0.00464426020408
 -0.00633265306123
 -0.00231448979592
 -0.0117962755102
 -0.000135255102041
 0.0022043877551
 0.0135202040816
 0.0213185714286
 0.000263801020406
 0.0111048469388
 -0.00704071428571
 0.023420127551
 -0.0142258418367
 0.0085956632653
 -0.0182947704082
 -0.018071505102
 0.0153114795918
 0.00783709183673
 0.0264993877551
 0.0193927295918
 0.00503551020408
 -0.000513290816325
 0.0110901785714
 -0.0139140561224
 0.0426475
 -0.0191033928571
 -0.00447392857143
 -0.00601818877551
 -0.00343596938776
 0.0121357908163
 -0.00743548469388
 -0.00309176020408
 0.00743709183674
 -0.0001781122449
 -0.00696165816326
 -0.0140252040816
 0.0140903061224
 -0.000531938775513
 -0.0171065306122
 -0.00518790816326
 -0.0137367346939
 0.00376165816326
 -0.0069668877551
 -0.0132313520408
 0.00236068877551
 -0.00254721938776
 -0.0148812755102
 0.0023756632653
 -0.00181543367347
 -0.0120686479592
 -0.0155852040816
 -0.00935602040816
 0.0227458928571
 -0.0150626020408
 -0.0082975
 -0.000876709183675
 0.00268163265306
 0.000600433673469
 0.0144765561224
 -0.0169939540816
 0.00735571428572
 -0.00466257653061
 0.00193954081633
 -0.00108492346939
 0.0147358673469
 -0.0125733928571
 0.00319637755102
 0.000377908163266
 -0.00998339285714
 0.00213349489796
 -0.0107846938776
 0.0106156632653
 0.00581903061224
 -0.0036693622449
 0.0145835459184
 0.00515681122449
 -0.0023975
 -0.0019081377551
 -0.00613089285714
 0.00382869897959
 -0.013030127551
 -0.0188341326531
 -0.00365678571428
 -0.00244727040816
 0.0257688265306
 -0.000193724489797
 -0.00555198979592
 -0.00714698979592
 0.00328125
 -0.00297522959184
 -0.0078175
 0.00322880102041
 -0.0101169642857
-0.0292350557147
 -0.0176299745304
 -0.00939275230818
 -0.00866271728749
 -0.0123781295766
 -0.0184625756129
 -0.0214383444763
 -0.0178248360395
 -0.0208920264247
 -0.00531905284941
 -0.0203384161095
 -0.00280615409105
 -0.0266078303088
 -0.0220929274117
 0.00251866125438
 -0.00959388411334
 -0.0220870932824
 -0.0367877252467
 -0.0212017494429
 -0.0213881964343
 -0.0253025963069
 -0.0241607051894
 -0.0216205093919
 -0.00706888092964
 -0.0423930149634
 0.00612062400509
 0.0033356017192
 -0.0238976106336
 -0.0115864247055
 -0.0354533333333
 -0.0304405921681
 -0.000372126711241
 0.00779806431073
 -0.0109249331423
 -0.022422171283
 -0.021275011143
 -0.0339249777141
 -0.00366872015282
 -0.0130732250876
 0.000319078319006
 -0.0200353533906
 -0.0231519659344
 -0.0213553263292
 0.0156194444444
 0.00420155523719
 -0.0290768099331
 -0.0118421537727
 -0.0055279512894
 -0.0170401846546
 -0.0114981152499
 -0.0175579894938
 -0.0145871107927
 -0.0319396482012
 -0.0228731932506
 -0.0217126329195
 -0.0197710124164
 -0.0264644746896
 0.0174815616046
 -0.0225145065266
 -0.0157079687997
 -0.0186161413563
 -0.0138476074499
 -0.00730194842407
 -0.0248987233365
 -0.00344532155365
 -0.00261019420567
 -0.0310306192295
 -0.0223711731932
 -0.0419486214581
 -0.022479968163
 -0.00257591372174
 0.000955837312954
 -0.00789872811207
 -0.0405836946832
 0.00423938077046
 -0.0106411365807
 -0.0209591977077
 -0.00716245622413
 -0.0117628159822
 -0.0120564056033
 -0.00155370264247
 -0.0141272492837
 -0.0183714995224
 -0.026831217765
 -0.00771867398917
 -0.00897191021967
 -0.0334964390322
 -0.0320687742757
 -0.0223517430755
 -0.0127460951926
 -0.0157451655524
 -0.0321733556192
 -0.0261124100605
 -0.0404794603629
 -0.0250461763769
 -0.0247224021012
 -0.0145242550143
 -0.0126028127985
 0.000254517669532
 -0.0372330961477
 -0.0288759949061
 -0.0184980468004
 -0.0223058436804
 0.0291690210124
 -0.0205210585801
 -0.017776388093
 -0.00753446036294
 -0.0446026790831
 -0.0297342948106
 -0.000566760585802
 -0.00283019420566
 -0.0337429544731
 -0.000907029608403
 -0.00033046482012
 -0.00507812480102
 -0.0139714804202
 -0.0102709184973
 -0.00599768863419
 -0.0162801018784
 -0.0144283985992
 -0.0161674514486
 -0.0266658882522
 -0.0309542597899
 -0.00690643903216
 0.00159460362942
 -0.0291461684177
 -0.0219188013372
 -0.0281190958294
 -0.0255373034066
 -0.0129815265839
 -0.031118823623
 -0.0168419563833
 -0.0153378303088
 -0.034893993951
 -0.0024576536135
 -0.0295750748169
 -0.0171066475645
 -0.0320885530086
 -0.00526551735116
 -0.0121114629099
 -0.0153902403693
 -0.0284091212989
 -0.00765201209806
 -0.0457611572748
 -0.0291441356256
 -0.0130565950334
 -0.0381320694046
 -0.0116809773957
 -0.00224058420885
 -0.0247064024196
 -0.0077408993951
 -0.0283256653932
 -0.0180905030245
 -0.03038114454
 -0.0155064740528
 -0.00603519738937
 -0.0351381184336
 -0.00780337949698
 -0.0193115297676
 -0.0265222078956
 -0.0024473559376
 -0.0066891037886
 -0.00365915313595
 -0.0209206383317
 -0.0255138331741
 -0.00775865647883
 -0.0180665695638
 -0.00190268545049
 0.00851950334289
 -0.0130048042025
 -0.0107216682585
 -0.0163575517351
 -0.0199928207577
 -0.0194891212989
 0.00227164756447
 -0.00629184654569
 -0.0301013610315
 -0.0189137695002
 -0.0106298360395
 -0.00953472620185
 -0.0258562655205
 0.00986202005731
 -0.0308198503661
 -0.0310169420567
 0.00669421999363
 -0.0301929162687
 -0.0177792916269
 -0.0313958978032
 -0.000757502387774
 -0.0292339430118
 -0.0011491133397
 -0.0303368592805
 -0.03039834766
 0.0203778000637
 -0.0143557975167
 -0.00721873766317
 -0.00229233842725
 -0.0109583126393
 -0.0178249331423
 -0.0300449458771
 -0.0170446386501
 0.00573762973575
 -0.0171375931232
 -0.0133915631964
 0.00159486946832
 -0.0186569834448
 -0.00683743075454
 -0.0287167000955
 -0.0222686182744
 -0.0221564247055
 -0.0214226424706
 -0.0158903852276
 -0.0122593298313
 -0.00836137376632
 -0.0188035673352
 -0.0356474546323
 -0.0341818035657
 -0.00630022604266
 -0.0153569834448
 -0.0159942773002
 -0.0252899920408
 -0.0257648822031
 -0.0144126042662
 0.00404480897803
 -0.0305136628462
 -0.0269979624323
 -0.0205990671761
 -4.94014645014e-05
 -0.0376949490608
 -0.0143318879338
 -0.0134056526584
 -0.00958063355619
 -0.0220180786374
 -0.0205658389048
 0.00892417064629
 0.00311425660618
 -0.0193528637377
 -0.0121624482649
 -0.0351279258198
 -0.024198379497
 -0.0210488363578
 -0.00788956701687
 -0.00131103151863
 -0.0294144794651
 -0.0138655412289
 -0.0301116937281
 -0.0374278382681
 -0.00893131486788
 -0.00379787328876
 -0.0254695526902
 -0.0313625469596
 -0.0297608245782
 -0.0243337058262
 -0.0316380388411
 -0.015039121299
 -0.0234844157911
0.0172189537713
 -0.00465105433901
 -0.0114584387672
 -0.00936150446066
 9.07015409553e-05
 -0.00714708029197
 -0.019738783455
 -0.0070198945661
 -0.00397089618816
 -0.00878417274939
 -0.00748138280617
 0.0128907623682
 0.00366136658556
 -0.00475628953771
 -0.00121614355231
 -0.0117299837794
 0.0113168856448
 -0.0196927696675
 0.0279488767234
 -0.0156319748581
 -0.0094751946472
 -0.00864888483374
 0.0118262287105
 -0.0202397526358
 -0.00803566909975
 -0.00438326034064
 -0.0132582116788
 7.01540958659e-07
 -0.00858270884023
 0.0309294728305
 -0.0347856447689
 0.0049999594485
 -0.00690481751825
 -0.0223793957826
 0.0146873317113
 -0.00623400648824
 0.0100400527169
 0.0178954987835
 -0.00715247364153
 -0.0138938158962
 0.00794680859692
 -0.0102142944039
 -0.0195490997567
 0.0189446674777
 -0.0119739618816
 -0.0237123925385
 0.00291754663423
 -0.0197654785077
 -0.00257085158151
 -0.0158593187348
 -0.010043296837
 -0.00684630575831
 0.0114309367397
 -0.0169595296026
 -0.0182594809408
 0.000640916463908
 -0.00377120437956
 -0.0134642295215
 0.00318666261152
 -0.0162737145174
 -0.00431703163017
 -0.00682348337389
 -0.00690061638281
 -0.00795261151663
 -0.00336967964315
 0.0128466666667
 0.00320902270884
 -0.0126878467153
 -0.00581188969992
 -0.0101593998378
 -0.012441431468
 -0.00398726277372
 -0.0124985928629
 -0.00166099351176
 0.00595671938362
 0.00979437956205
 -0.00350601784266
 0.00723878751014
 -0.00602843876723
 0.00401686131387
 -0.00663774533658
 0.00584430656934
 -0.00761187347932
 -0.00609173965937
 0.00747070965126
 -0.00501866180049
 -0.00466025547445
 -0.0162629845904
 0.0164892741281
 0.0074247323601
 0.0170654136253
 0.0265785644769
 -0.0170316626115
 0.0121802068127
 -0.0113840389294
 -0.0121053081914
 0.00828637064071
 0.00237254257907
 -0.0104795458232
 0.0241922019465
 -0.00640186536902
 0.00313321573398
 -0.0129736536902
 -0.0214544728305
 0.00667122060016
 -0.00953548661801
 0.00692569343066
 -0.00825401054339
 0.0121748094079
 -0.0178836455799
 0.0111668126521
 0.0147169018654
 -0.0193420437956
 -0.028791459854
 -0.00991165450122
 -0.0123645255474
 -0.0212444566099
 0.0187675425791
 -0.00935555555556
 -0.0197849148418
 -0.0153378304947
 -0.00798070965126
 -0.000898045417681
 0.00473590835361
 0.040245296026
 -0.0110555515004
 -0.0130271005677
 0.00187425790754
 -0.0165147688564
 0.0156004257908
 -0.00909564071371
 0.00329959042985
 -0.00656092862936
 -0.00712121248986
 -0.0254739416058
 -0.00438201946472
 -0.00245558799676
 -0.000291877534469
 0.0165345742092
 0.0232689659367
 -0.0186193714517
 -0.00336549067315
 0.00557776966748
 -0.0144065977291
 -0.00576195458232
 -0.0125757866991
 -0.0167062368208
 -0.0245331305758
 0.02882418897
 -0.0263994566099
 -0.0146473195458
 -0.000849874290349
 -0.0187165531225
 0.0068748783455
 0.00579898215734
 0.0138870924574
 -0.00924313868613
 0.00485693836172
 -0.0120549026764
 -0.00713975263585
 -0.0121823884834
 -0.0129166058394
 0.00233236009732
 -0.00842856853204
 -0.0165339416058
 -0.00640326034063
 0.00123257502027
 -0.00204083941606
 -0.00760674776966
 0.00647107055961
 -0.0122399675588
 -0.0166957907543
 -0.00174115977291
 0.00952855636659
 0.00181361313869
 -0.00494806974858
 -0.0125132806164
 0.0276837388483
 0.0107184955393
 -0.00211798459043
 -0.0217525466342
 -0.0206748864558
 0.0101971208435
 -0.0200006447689
 -0.01375256691
 -0.000808880778589
 -0.019751674777
 -0.00292351581508
 -0.0312385198702
 0.0223068978102
 0.00691180454177
 -0.00399430251419
 0.00123298459043
 -0.0159085888078
 -0.026564703974
 0.0207990957015
 -0.00558560827251
 0.00508939172749
 -0.00405636253041
 0.00531607866991
 -0.0192682319546
 0.0195641808597
 0.0182308678021
 -0.00521305758313
 -0.0179989416058
 0.00852019059205
 -0.00232831305758
 0.0101613828062
 -0.00803446066505
 -0.0117723357664
 0.0107552635848
 -0.0101233576642
 -0.00521266423358
 -0.00575829278183
 0.00281584347121
 -0.0062648134631
 0.00255994728305
 -0.0115175425791
 -0.0107264436334
 -0.0067350567721
 0.00119850364964
 -0.00307010137875
 0.0307251662612
 -0.003455243309
 0.00515783049473
 -0.0165432278994
 0.0145825547445
 -0.013069918897
 -0.000869306569342
 -0.0102903325223
 -0.0243106366586
 -0.0155263665856
 -0.0128695904298
 -0.00250194647202
 -0.0304471532847
 0.00882922952149
 -0.0120871735604
 -0.00338949716139
 -0.00735165855637
 -0.00245452554745
 0.00245325628548
 0.00703431467964
 -0.000862408759126
 -0.0154529115977
 -0.00977100162206
 -0.0152496269262
 -0.00396343876723
 -0.0120733008921
 -0.0198755555556
 -0.014561431468
 0.0196099918897
 -0.00784570154095
 -0.0170042254663
 -0.00265858880779
 -5.22627737247e-05
 -0.010348053528
-0.0172074693618
 -0.0196120085946
 -0.0235460775107
 -0.0185233940793
 0.00528196482572
 -0.0262549498647
 -0.0132341110934
 -0.023862172529
 -0.00934726484164
 -0.0140614571065
 -0.0138139097565
 -0.0304873770492
 -0.0155348217412
 0.00862028409995
 -0.014582803597
 -0.0274236145154
 -0.00321570587299
 -0.0102902172529
 -0.0125949045042
 -0.0275967650804
 -0.00706599793093
 -0.0212960090721
 -0.00139730383574
 -0.00819089049817
 -0.0123843673404
 -0.0156009167595
 0.000781294763648
 -0.0122678473659
 -0.0173978163298
 -0.0142718382938
 0.0262158682158
 -0.0235361371956
 -0.0106744612446
 -0.0192065167913
 -0.00928099952252
 -0.00385278211046
 -0.0207828051886
 -0.013927638071
 -0.0206380709852
 -0.0179881943339
 0.00217828505491
 -0.0050788596212
 -0.0056021072736
 -0.0160444811396
 -0.0106047501194
 0.00292370205316
 -0.0369016258157
 -0.00989902673882
 -0.0297773133853
 -0.0140495845933
 -0.00194582763011
 -0.0295348153748
 -0.0291433081331
 -0.0113395034219
 -0.0291139487506
 0.000851941747573
 -0.0206454949865
 -0.00250551408563
 -0.0223450732134
 -0.00591150565017
 -0.0296813464905
 -0.00556423762534
 -0.0103198249244
 -0.0197151153907
 -0.0156903652714
 -0.0171655355722
 -0.0115234800255
 -0.0355844127009
 -0.00924034060163
 -0.0111802546554
 -0.00670818637593
 -0.0060356589209
 -0.00416139025943
 0.00200584832087
 -0.00864246617857
 -0.0189867945249
 -0.0251607385007
 -0.0350212199586
 -0.0275860759191
 -0.0118041874901
 -0.0152368836543
 -0.00122528569155
 -0.0104200923126
 0.0133703859621
 -0.00516415167913
 -0.0056321040904
 -0.000395009549578
 -0.015997653987
 -0.0144691986312
 -0.0169663464905
 0.0129943347127
 -0.0282721836702
 -0.00343689957027
 -0.0193794453287
 -0.0280691580455
 -0.015645248289
 -0.0275659963393
 -0.0254856605125
 -0.033014368932
 -0.0100061698233
 -0.00642503581092
 0.0266313870762
 -0.0154654249562
 0.0438009525704
 -0.00125205077192
 0.0159766027375
 0.0171466465064
 -0.0169103843705
 -0.0155689097565
 -0.00899574805029
 -0.0270942734363
 -0.00906335508515
 -0.0156991469043
 -0.00391840999522
 -0.0255229301289
 0.00792193856438
 -0.0117908904982
 -0.00288343466497
 -0.0165088970237
 -0.0162621040904
 0.00715744150883
 -0.0112140641413
 0.000714023555627
 -0.0209958419545
 -0.0163846968009
 -0.0194265868216
 -0.0110854949865
 0.0037190768741
 -0.015749834474
 -0.0219661666401
 -0.0104291222346
 -0.0213020619131
 -0.0224090203724
 -0.0193796283622
 -0.0208346124463
 -0.00268160592074
 -0.017900165526
 0.0206864340283
 0.00627369568677
 -0.0110702872831
 0.0236901265319
 -0.0149613480821
 -0.0171941922648
 0.00526610138469
 -0.0285900031832
 -0.0201439113481
 0.00173797708101
 -0.00594411109343
 0.00612071860576
 0.0191515151997
 -0.0144975958937
 0.000491223141811
 0.014061593188
 0.00312238978195
 -0.00436441270094
 0.00479946442782
 -0.00879807257679
 -0.00436927343626
 0.00871248686933
 -0.000979797071466
 -0.00673852220277
 -0.00693139025943
 -0.0161537800414
 -0.0261783662263
 -0.00210629476365
 0.0107890784657
 -0.00445567165367
 -0.00714835349356
 -0.0210108419545
 -0.0188836017826
 0.00329303199109
 -0.0202609279007
 -0.00590790227599
 -0.0224347907051
 -0.0317112151838
 -0.0268272274391
 0.000453982969919
 -0.0098318398854
 -0.0211236423683
 -0.00188448591437
 -0.0135265621518
 0.0159124805029
 -0.00653898615311
 -0.018445256247
 -0.017900631068
 -0.000349331529527
 -0.0163507186058
 -0.00363686853414
 -0.0199431553398
 -0.0182407042814
 -0.0018567555308
 -0.0104295280917
 0.0069361403788
 -0.0124815836384
 0.00712839726245
 -0.0223296936177
 -0.00276600429731
 -0.00864360655737
 -0.010508872354
 -0.0145159995225
 -0.0130667244947
 -0.0150282691389
 -0.00192906891612
 -0.0336101703008
 -0.0151899482731
 -0.0279570038198
 -0.00444840203724
 -0.00602717889543
 -0.0129608451377
 -0.00902781951297
 0.00381589049817
 0.0111782428776
 -0.0176659183511
 -0.011292969123
 -0.0207812056343
 -0.0248921319433
 -0.0170707997772
 -0.0202978879516
 0.00518542813942
 -0.0190204639503
 0.0172950031832
 -0.0185930582524
 -0.00971436734044
 -0.0127428083718
 -0.00622809883813
 0.00308327232214
 -0.00578755530797
 -0.0126267244947
 0.00187114356199
 -0.00461419385644
 0.018419104727
 -0.0264431816011
 0.00512693697278
 -0.0144278051886
 -0.0167022664332
 -0.00953040904027
 -0.00686467213115
 -0.0271990689161
 -0.0145830566608
 -0.0234699872672
 -0.0118820444055
 -0.00557427821105
 -0.0202547907051
 -0.022733955117
 -0.000405999522521
 -0.0176960512494
 -0.00264983606557
 -0.00853563265956
 0.0115673149769
 -0.000233565971669
 -0.00636461562948
 -0.0151856199268
 -0.00037159159637
 -0.00878116186535
 -0.0285689065733
 0.0233826754735
0.000289004975123
 0.00373242657679
 -0.00109673968865
 0.014798403948
 0.0080235668432
 0.0100134087626
 0.00489657518857
 -0.00842636976408
 -0.00417281415503
 -0.011280403627
 -0.0081681616113
 -0.00947004172685
 -0.00994234392553
 0.00911771224522
 -0.00135331969186
 0.0488612598299
 -0.0322002824587
 -0.00889107607126
 -0.00842966538276
 0.00476013882202
 0.000598875782376
 -0.0143618239448
 -0.0133846605681
 0.0225457703418
 0.0105261017493
 -0.00859636013481
 0.0038947801316
 -0.00809917268496
 -0.00136950088269
 0.00190022147328
 -0.00542046220511
 3.12389664572e-05
 -0.00500778045258
 0.00170429064356
 -0.0146168576472
 -0.00324533943187
 -0.00538794816242
 0.0174829160648
 -0.0137109613224
 -0.00726328438453
 -0.000132096774191
 -0.0131567284545
 0.000173923928742
 0.0018442344728
 0.0214425830525
 0.00446193869363
 0.0259337738726
 -0.0151352664099
 -0.0177790113946
 0.0348949157439
 -0.0296189528166
 -0.00435796260632
 -0.00273721473279
 0.013433204943
 0.000615377948964
 0.00112851067244
 0.00778474321939
 0.0249472372011
 6.74185523977e-05
 -0.00850367998716
 -0.0108073021987
 0.0139545040924
 -0.00593343283582
 0.0111309597175
 0.00742229096453
 -0.0119166137057
 -0.0055501404269
 0.000892825389183
 0.00711050874659
 -0.0120965783983
 0.00811523110255
 0.00606033301236
 0.0134355071417
 -0.00577307575028
 0.000270333012359
 -0.0203146701974
 -0.00959467822179
 -0.0018074185524
 0.0118761908201
 -0.00175613384689
 0.00575535548066
 -0.0107914925373
 0.00339173808377
 0.000384239287435
 -0.00291258305248
 -0.00988413898251
 -0.0162103458514
 -0.00907363505056
 -0.0162254975124
 -0.00314767051838
 -0.011184788156
 -0.00120950248756
 -0.0034004622051
 -0.00840453137538
 0.00338635211042
 0.0140162229177
 0.0160493765046
 0.0104415687691
 -0.011629748034
 0.0175084087626
 0.0320246348901
 -0.00910306772589
 0.0166291758947
 0.0468943099021
 -0.0094355151661
 0.000668145562507
 -0.0013783245065
 0.00361990611459
 -0.00518876905794
 -0.0210408834858
 -0.00692075750281
 -0.010256848018
 -0.022030040122
 0.00748465896325
 -0.00344270422083
 -0.00263685122773
 -0.00344228935965
 -0.00277344567485
 -0.0107731985235
 0.0151944150217
 -0.00237599342
 0.00667156074466
 0.00281832290162
 -0.00478645081046
 -0.0172368560424
 -0.00643307093564
 0.00795620205425
 -0.000916591237363
 0.00323367517252
 -0.00873258305248
 0.00504502086343
 0.0013998980902
 -0.00148088188092
 -0.0273213264324
 0.00301242336704
 0.0146305231905
 -0.0132919563473
 -0.000608440860216
 -0.00350731664259
 -0.00924306772589
 0.00729645402022
 0.000300505536831
 -0.00490294816241
 0.0163769306692
 0.00438783020382
 -0.00623425052159
 0.00244270101107
 0.00352022949767
 -0.0155189255336
 0.00321461884128
 -0.0047608754614
 0.013580602632
 0.00669000641951
 -0.0089781616113
 -0.00712646204461
 -0.0161111386615
 -0.00636583694431
 -0.0070652808538
 0.00687692745948
 -0.00255034585139
 0.000687177820577
 0.00031403867758
 0.025259284224
 0.00295185764725
 0.01869291446
 -0.019041974001
 0.0280125750281
 -0.00135941020703
 -0.0032768159204
 -0.00558051516611
 -0.00779636655432
 0.0109688059701
 0.00499952656074
 0.0015973310865
 0.0175550144439
 0.0135627042208
 0.0127584456749
 -0.0106727090355
 -0.00668795779168
 -0.00727015326593
 0.00602564114909
 0.00460328277965
 -0.00183415984593
 -0.000746198844489
 -0.0040581616113
 0.00954879634087
 -0.00217376103354
 -0.00698713930348
 -0.00898790964532
 0.0111935219066
 -0.00961454260953
 0.00345132001284
 -0.00667856042369
 -0.00181271545499
 0.00117220991815
 -0.00825405312149
 0.0297696380998
 -0.010510264805
 0.00579771064035
 -0.0239442986679
 0.018077337506
 0.00398498555609
 0.0138665735837
 0.00317221954742
 0.0128144976729
 0.0014093668753
 0.00856561226128
 0.000496693147166
 0.011511245386
 0.0294663729738
 -0.00942759107688
 0.0029377788477
 -0.00103330203819
 0.00887179826673
 -0.00432746830364
 -0.00625575429305
 -0.00672718584497
 -0.00552783020382
 -0.00331502728294
 -0.00633450088268
 -0.0188925878671
 -0.0151067316643
 0.0232265944471
 -0.0137201420318
 0.0143593700851
 0.0102319691863
 0.0367597544535
 -0.0133395073022
 0.00278302278928
 -0.0115024650939
 0.00204893195314
 0.00788315358691
 -0.00888355560905
 0.00521998074145
 -0.0198743989729
 0.000509240892313
 -0.00139887578238
 -0.00634805809661
 0.000941074466379
 0.00133509709517
 -0.00649942946557
 -0.0344334504895
 -0.00400633124699
 0.0107619836302
 -4.45377948957e-05
 0.0150044086022
 0.00999318889424
 0.00193537794896
 -0.0143922195474
 -0.00909062991494
 -0.00145757663297
 0.000591197239608
 -0.00190586904189
 -0.0135185812871
 0.00957806451613
 -0.00410753490612
-0.000214665185656
 0.000925658521105
 0.00687083941606
 -0.0108195953665
 0.02390677404
 0.0126878927325
 0.0079878641701
 0.00777787686449
 0.0303162789591
 0.0229940986988
 -0.00290435258648
 0.0175171596319
 0.028046923199
 0.000189230403045
 0.0198195065059
 0.0185743287845
 0.015183383053
 -0.00185010948905
 -0.00572473659156
 -0.00142131862901
 0.0263652792764
 0.0174892018407
 0.036733665503
 0.00364331799429
 0.0305023611552
 0.00968634719137
 0.00460913202158
 0.003696177404
 0.00939747381783
 0.0195556585211
 0.00668267216757
 0.0209243573469
 0.0202135576008
 0.0225305093621
 0.0272159822279
 0.00637927324659
 0.0194621056807
 0.0191596477309
 0.033324976198
 0.0388002142177
 0.0142181862901
 0.0100226674072
 0.0352218724215
 0.0211908679784
 0.0233128959061
 0.013081923199
 0.00974254046334
 0.00680633291019
 0.0134981212314
 0.0189497365916
 0.0193865138051
 -0.00273826245636
 0.0127902935576
 0.0223225325294
 0.0230272357982
 0.0282265153919
 0.0238708140273
 0.00390239130435
 0.0232314455728
 0.0296781878769
 0.042324246271
 0.024852527769
 0.0124177657886
 0.054262205649
 0.00374093779752
 0.027535125357
 -0.00155313392574
 0.0219202142177
 0.00845165979054
 0.0352670961599
 0.0216606172644
 0.00816760869565
 0.00346811964456
 0.0258717121549
 0.0129298143447
 -0.00416944144716
 0.00649786099651
 0.0265201443986
 0.0105553617899
 0.0204243509997
 0.0343986099651
 0.00487635988575
 0.0165656363059
 0.0165254189146
 0.0272704205014
 2.20660107892e-05
 0.0187132767375
 -0.00017461758172
 0.0201776975563
 0.0180668565535
 0.0216882846715
 0.0161004093938
 0.00743323389401
 0.0163957997461
 0.0271804379562
 0.0209988210092
 0.0256494652491
 0.0342301539194
 0.0161909996826
 0.0179613757537
 0.00828483021263
 0.0125182434148
 0.0353055522056
 0.0454572659473
 -0.00380517137416
 0.0102148571882
 0.0153039860362
 -0.00202671056807
 -0.00100971754998
 0.0103525404633
 0.0258870072993
 0.0199286512218
 0.0100771881942
 0.0119892446842
 -0.00128476356712
 0.00596298952713
 0.0208303697239
 0.0169056997779
 0.0293006029832
 0.0232701999365
 -0.00275804982545
 0.0346918105363
 0.0115618438591
 -0.00904454934942
 0.00972235798159
 0.0261319374802
 0.0338275134878
 0.0107233005395
 0.00935532529356
 0.0047890431609
 0.0281271104411
 0.0380680942558
 0.0118653205332
 0.0288215217391
 0.0170205046017
 0.000484160583941
 -0.00714369406538
 0.0249099984132
 -0.00288254205014
 0.0299123595684
 0.0156854347826
 0.0150448905109
 0.0192330466519
 0.0141540003174
 0.0137997365916
 0.0221556918439
 0.0118631767693
 0.040349270073
 0.0168297603935
 0.0344313202158
 0.00851640272929
 0.0554779228816
 0.0225684005078
 0.0177074182799
 0.00125192478578
 0.0179228483021
 0.0087987527769
 0.0421061361473
 0.0108373008569
 0.0142044414472
 0.0221118390987
 0.0219612107268
 0.00362824500159
 0.0103890907648
 0.018105855284
 0.0172664741352
 -0.00388925579181
 0.00719432402412
 0.0151391177404
 0.0159971469375
 0.0187272738813
 0.0160927419867
 -9.26531259928e-05
 0.0104771088543
 0.00611383529039
 0.0247338654395
 0.0152151301174
 0.00373543319581
 0.0215580879086
 0.0207460092034
 0.0215652713424
 0.0137974151063
 0.0180746905744
 0.0230544700095
 0.023500157093
 0.00973803554427
 0.0158631212314
 0.0171917914948
 0.0283016613773
 0.00407459060616
 0.0161593097429
 0.00537485718819
 0.0422693398921
 0.0351968803554
 0.0194753538559
 0.0306513471914
 0.0166665867978
 0.0209150555379
 7.98905109498e-05
 0.0208702237385
 0.0145905077753
 0.015743524278
 -0.00458552205649
 0.00467092986353
 0.0116424420819
 0.0181344224056
 0.00914247223104
 0.00225207711837
 0.00583591558235
 0.00668212313551
 0.0130860933037
 -0.000269343065693
 0.007592794351
 0.0205367105681
 0.0137241970803
 5.76943827362e-05
 0.0282854665186
 0.0356791145668
 0.0237352792764
 0.0504496112345
 0.0265555331641
 0.0338529212948
 0.0100844525547
 0.031491334497
 0.0209341272612
 0.0216386543954
 0.0013327927642
 0.0157445668042
 0.00885776420184
 0.00647506823231
 0.00755579022533
 0.0205768105363
 0.0167065582355
 0.0213740717233
 0.00936560456998
 0.0156612757855
 0.00599879562044
 0.0366313075214
 0.00766297524595
 0.0394369374802
 0.0411376245636
 0.0249474992066
 0.0244787527769
 0.0202482767375
 0.0182395065059
 0.0221970390352
 0.0207606347191
 0.01609588702
 -0.00867099968264
 0.0260464884164
 0.0144546620121
 0.028398524278
 -0.00456549349413
 0.0330549412885
 0.036586899397
 0.0355950333228
-0.0126056804157
 -0.00265971094511
 -0.0153618268918
 -0.00267466872361
 -0.0138945745372
 -0.0085605878532
 -0.0113462033128
 0.0132957486197
 0.00713145664177
 -0.00391645177006
 0.0120274975641
 -0.00187738551478
 -0.00523601981163
 0.0013047044495
 -0.0344877606366
 0.000799152322184
 0.00900303994803
 0.00697705261448
 -0.00967593536863
 0.0144263803183
 -0.0240827037999
 0.0193823562845
 -0.0147575121793
 -0.00663876096135
 0.000884462487821
 -0.00555871386814
 -0.00502098895745
 0.00912357746022
 0.000691705099058
 -0.0244649171809
 0.0243507307567
 0.000747596622279
 0.00126946411173
 -0.00725238226697
 -0.0175799805132
 -0.0164064274115
 0.0150419795388
 -0.00851755440078
 -0.00792367651835
 -0.00178393147126
 -0.0179190824943
 -0.0184609207535
 -0.00100893796687
 -0.0112381211432
 -0.00505891036051
 -0.00599186099383
 -0.0075170168886
 0.0003944121468
 -0.00333523221825
 -0.0106326794414
 -0.0113563673271
 -0.00944955667424
 -0.0150682900292
 -0.00392312439104
 0.0113022994479
 -0.0235349951283
 -0.0115278937967
 -0.00123055699903
 -0.0114726323482
 -0.0130847255602
 -0.0137748294901
 -0.0138487707048
 0.00133777849951
 -0.00890448522247
 -0.00977601331601
 -0.00489177655083
 -0.0163109207535
 0.00853645826567
 -0.0143032737902
 -0.0159058200715
 -0.00624259662228
 -0.0139810279311
 0.00448678304644
 -0.032167364404
 -0.00604904027281
 -0.00600727184151
 0.00760313088665
 -0.0162498294901
 -0.00903867976616
 -0.0229367424488
 -0.00789393309516
 -0.0139350795713
 0.0118529652485
 -0.0254099529068
 -0.00913275251705
 -0.0127095258201
 -0.0105277638844
 -0.00671658980189
 -0.00428212893797
 -0.0228201412796
 -0.0175663316012
 -0.00779398830789
 -0.00732527443975
 -0.00919542546281
 0.0142004676843
 0.0128810539136
 0.0046729408899
 -0.00595721500487
 -0.0131388892498
 0.00729751705099
 -0.0191102630724
 -0.00672164176681
 0.00216386976291
 -0.0755112033128
 -0.0184635449821
 -0.0186995988957
 -0.0177411692108
 0.0269554124716
 0.00856739850601
 0.00299879668724
 -0.0220815719389
 -0.0159089899318
 -0.00506093536863
 0.000374209158821
 -0.0134600227347
 -0.0159181487496
 0.00494474017538
 -0.00945503734979
 0.00795706398181
 0.00110022734654
 -0.00930442838584
 -0.0117897190646
 -0.0123615686911
 -0.00488612374147
 -0.0195926112374
 -0.0369325056837
 -0.0221854969146
 0.00722263072426
 0.010620743748
 -0.00179913121143
 0.00449650048717
 -0.00298477265346
 -0.0288799529068
 -0.010311031179
 -0.0141754822994
 0.00988798635921
 -0.00359195193245
 -0.0290145355635
 -0.00463358557974
 -0.026510878532
 -0.0137178158493
 -0.00738809678467
 -0.0189809775901
 -0.00888701039299
 -0.0134280188373
 0.00101801396557
 -0.0243182104579
 0.00479407275089
 -0.0125075755115
 -0.0138023351738
 -0.0179571727834
 -0.0283268544982
 -0.051614527444
 -0.00705142091588
 0.0192140743748
 -0.0177595144527
 0.00516408898993
 -0.024933057811
 -0.0127001575187
 0.0123884881455
 -0.00428020623579
 0.00788761773303
 -0.018361351088
 -0.0173068447548
 -0.00783372848327
 -0.00205744072751
 0.0037519308217
 -0.013211875609
 -0.00579427086716
 -0.0189118902241
 -0.0189614939916
 -0.0113089736928
 -0.00293327379019
 -0.00244666125365
 0.00621391848003
 -0.0155560604092
 0.0144059353686
 -0.0228369113348
 -0.00394900454693
 -0.00713800746996
 0.00589539785645
 -0.031525659305
 -0.00711524845729
 -0.00446608801559
 -0.00440488632673
 0.0209765995453
 -0.00267533127639
 -0.00489989769406
 -0.00134393796687
 -0.0315470883404
 -0.00337087853199
 0.00398557161416
 -0.00742026307243
 -0.0160004124716
 0.0210186294251
 -0.0163410344268
 -0.0266461399805
 -0.0256333679766
 -0.0122036976291
 -0.00032391198441
 0.000386167586878
 -0.0128486505359
 -0.0222268333875
 -0.0167765833063
 -0.0145764160442
 -0.0253033825918
 -0.0128902338422
 -0.0177917976616
 -0.0111629977265
 -0.0115021987658
 0.0014518090289
 -0.0219721662878
 -0.0161193715492
 0.0186737820721
 -0.00260314874959
 -0.0264538632673
 0.0155833533615
 -0.0141816141604
 -0.0237896768431
 0.0144015995453
 -0.0101274553426
 -0.00944638031829
 -0.0035907145177
 -0.0168875755115
 -0.0267281211432
 0.00417297823969
 -0.0288859142579
 -0.0062378142254
 0.00548039460864
 -0.0210674699578
 -0.0125797158168
 -0.00982807080221
 0.0139571565443
 -0.0222048392335
 -0.0144840597597
 -0.0214297759013
 -0.0125243764209
 -0.00243350113673
 -0.0240599171809
 -0.00251675544008
 -0.00883290191621
 0.00269455342644
 -0.00960410847678
 -0.00736886001949
 -0.00448283046444
 0.00595070802208
 -0.000202000649562
 0.0167632543033
 -0.012793530367
 -0.0172128726859
 -0.0213249236765
 -0.00717643715492
 0.014690084443
 -0.014848496265
 0.000217044494963
 -0.00574746670997
0.0306438511222
 0.0219029953173
 0.023362852414
 0.0157942943646
 0.00888858953657
 0.0251179799774
 -0.00395096399161
 0.0285178217342
 0.014845
 0.0255446334571
 0.00405700871952
 0.00970474891006
 -0.00180279912805
 0.0102938632327
 0.0160689318585
 0.0286191716454
 0.00994350395608
 0.00470072904892
 -0.0038976642984
 0.00214658081705
 -0.00692196269982
 0.0103297150008
 -0.00499749071532
 -0.00732511141612
 0.00121337316325
 -0.0158552817697
 0.00104838123688
 -0.00366709752947
 0.0238010528015
 -0.00169209752947
 0.00636610689488
 -0.0104619812692
 -0.00268213143872
 -0.0111745834006
 0.00989295656386
 0.00742126110124
 0.00911845389956
 0.00660958340061
 -0.00787970289036
 -0.0110342443081
 -0.00406213224608
 0.0116863838204
 0.0136042564185
 0.000611460519941
 -0.00677963749395
 0.00164008073632
 0.00389028499919
 0.0105787122558
 0.00410252543194
 0.00493148070402
 0.00745122154045
 0.0275672703052
 0.0032328023575
 0.00207603746165
 0.020224973357
 0.00863398191506
 0.0059272896819
 -0.0209468424027
 -0.00067451073793
 0.00341768286775
 -0.000285951881157
 0.00513306071371
 -0.0148819086065
 0.00229227030518
 0.0142794098175
 0.00516595188116
 0.0124638664621
 -0.0118477175844
 0.00866570967221
 -0.00312794122396
 -0.00544800339092
 0.00056084369449
 0.00156829242693
 0.00955052397869
 0.00106827627967
 -0.00324836589698
 -0.0085343646052
 0.00757329646375
 0.0148254698854
 -0.00931735992249
 -0.00357906345874
 0.022751433877
 0.0129019473599
 -0.00296785322138
 -0.0139282116906
 0.000623411916681
 -0.00400976828677
 0.00502769901502
 0.00900359680284
 0.027849684321
 -0.00868153479735
 0.000850277732923
 0.0130688131762
 0.0143640553851
 0.0140159987082
 0.00655058210883
 0.0199133691264
 0.00546935976102
 -0.0141118811561
 0.0110563838204
 -0.000744953980302
 -0.00425498869692
 0.00755476909414
 0.0115707791054
 0.00467211609882
 -0.0148268779267
 -0.011224773131
 -0.00733014613273
 0.00141390925238
 -0.00534954545455
 0.021900578072
 -0.0146102470531
 0.00507709672211
 0.0132061569514
 -0.00984651542064
 0.0155755433554
 0.0037688979493
 -0.00187211690618
 0.0105952849992
 0.0180896496044
 0.0148390206685
 -0.0104312958179
 -0.00673213143872
 0.0239527490715
 0.0155282496367
 0.00878961811723
 -0.00647298805102
 0.00127016954626
 -0.00333891651865
 0.0347488010657
 0.000866958663007
 -0.0202275480381
 0.0248071007589
 0.00572742531891
 0.00507609074762
 -0.00494697723236
 0.00254859680284
 -0.00085759486517
 0.00037344259648
 -0.00520235184886
 -0.00993781446795
 0.0106963264977
 0.00233718553205
 -0.00309680849346
 0.00365682383336
 0.000205983368321
 0.00388122234781
 0.00309682706281
 -0.00321456079444
 -0.00537447602131
 0.0041688123688
 -0.00507836186016
 0.00499455675763
 0.0101903318263
 0.00903803407073
 0.0127598877765
 -0.020284448571
 0.00635656466979
 0.00262197723236
 0.0111034853867
 0.00466783707412
 0.0134115654772
 -0.0128900694332
 0.00387398272243
 -0.00471473437753
 -0.00188949136122
 0.00412991522687
 -7.65307605377e-05
 0.00189673502341
 -0.0188424947521
 0.00997295656386
 0.0292935394801
 0.0329535201033
 0.00871692394639
 -0.017868014694
 -0.00869487647344
 0.00644778378815
 0.00490393185855
 -0.0146666389472
 -0.00604932585177
 -0.00649728564509
 -0.0133640134022
 -0.016052147586
 -0.00904427498789
 0.00542197400291
 -0.00599537380914
 0.00614458017116
 -0.00467028822865
 0.0145610374617
 0.00899047392217
 0.0117209518812
 0.0155341554981
 -0.0131143759083
 -0.0253932003875
 0.0169404359761
 0.00874285241402
 -0.0152314960439
 -0.0100465654772
 -0.00927432504441
 0.00336617552075
 0.00202562086226
 0.00275372759567
 0.0053217923462
 0.0171238979493
 0.00044064346843
 0.0148405934119
 0.0149752930728
 0.0161427716777
 0.0238664153076
 0.00596478443404
 0.00246569352495
 0.0150437429356
 0.00498498062328
 -0.00459744469563
 0.00604216615534
 0.0264005627321
 0.00461185451316
 0.00795951396738
 0.00417321088326
 -0.0120052196028
 0.00313311077023
 -0.00572463022768
 -0.00168743258518
 -0.00476878976264
 -0.00648196269982
 -0.0111793637978
 -0.000964784434036
 0.0149797497174
 0.000922096722107
 0.0131171354755
 0.0196170167932
 0.007344548684
 -0.00670075972873
 0.0233048764734
 0.0219986856128
 -0.00419518165671
 0.00135852010334
 0.00935907476183
 0.0104196681737
 -0.0240865541741
 0.0154519077991
 0.00160834974972
 0.00548759082836
 0.00713285322138
 0.000440813014695
 -0.00260739383175
 0.0108675407718
 -0.00194929436461
 0.0251035427095
 -0.000220998708219
 -0.00908226707573
 0.00693141450024
 0.00855782173422
 0.0114318036493
 -0.00596758275472
 -0.00700906668819
0.005230562249
 -0.00585040160642
 0.00614853413655
 -0.0160660843373
 -0.00284034136546
 -0.00204638554217
 0.0125069879518
 0.00477072289156
 -0.0267614257028
 -0.0053309437751
 0.0046209437751
 -0.00955248995984
 -0.00766608433735
 0.00355315261044
 -0.00365568273092
 -0.0186092771084
 0.00892835341365
 -0.0036277309237
 0.00170941767068
 0.00888985943775
 -0.0179276907631
 0.00203423694779
 -0.01922
 -0.0132815060241
 0.00194
 -0.0173079518072
 -0.0127645582329
 -0.00542030120482
 -0.0124314859438
 0.00956674698795
 -0.0232012048193
 -0.0057937751004
 -0.0201402409639
 -0.0142354819277
 -0.000134779116465
 -0.00367506024097
 -0.00358271084338
 -0.00406445783133
 -0.0135220883534
 -0.0146364457831
 0.00672889558233
 0.00768504016064
 -0.017614939759
 -0.00802178714859
 -0.00445757028112
 0.00435686746988
 0.00567973895582
 -0.00867371485944
 -0.0193597590361
 -0.00141614457831
 -0.00714821285141
 -0.0116575702811
 -0.00783620481928
 -0.000796385542166
 0.00610112449799
 -0.00181425702811
 0.00430548192771
 -0.011033875502
 0.007175562249
 -0.0128030923695
 0.00408152610442
 0.00180997991968
 0.0122635341365
 0.022023253012
 -0.00355299196787
 0.0128466666667
 -0.00647018072289
 -0.00284174698795
 -0.00545855421687
 0.00125052208836
 -0.00452050200803
 -0.00693628514056
 -0.0241166465863
 -0.00132837349398
 -0.00461383534136
 -0.00134975903615
 0.00148289156627
 -0.00811234939759
 -0.0117146385542
 0.0180115261044
 0.000192690763054
 -0.00827875502008
 -0.0192783935743
 -0.00216303212851
 -0.000626887550201
 -0.00842381526104
 -0.0133595783133
 -0.00203927710843
 -0.00106395582329
 -0.00987014056225
 -0.00522403614458
 0.00378959839357
 0.00725253012048
 -0.013101064257
 -0.00799823293173
 -0.00774411646587
 0.000600542168677
 -0.00477194779117
 -0.0145053815261
 -0.0156758835341
 0.00134337349398
 -0.0129156024096
 -0.00443692771085
 -0.00242106425703
 0.0292252811245
 -0.00701210843374
 -0.0148548594378
 0.0193380120482
 -0.0221942971888
 -0.0225456024096
 -0.00231309236948
 0.0136418473896
 0.0201396787149
 -0.0106189156627
 -0.00131610441767
 0.0103318072289
 -0.000817248995986
 -0.0295014457831
 -0.0127558232932
 0.00745220883534
 0.00176552208835
 0.0124863654618
 -0.0135878313253
 -0.0139984939759
 0.00367409638554
 0.018422751004
 0.0125000200803
 0.0176260240964
 0.0061581124498
 -0.0176115461847
 -0.0232671686747
 -0.00627134538152
 -0.000492469879518
 -0.0260064859438
 -0.0142072690763
 -0.0139742570281
 0.00669791164659
 -0.00290925702811
 -0.00687995983936
 -0.00695118473896
 -0.00292291164659
 -0.0248853413655
 -0.00173224899598
 0.00726002008032
 -0.00391554216867
 -0.0160786546185
 -0.0061159437751
 0.00943554216867
 -0.00110672690763
 -0.000912008032127
 -0.0127557630522
 0.0185464457831
 0.00686333333333
 -0.00285572289156
 0.0234786546185
 0.000916084337351
 -0.000148072289157
 0.0202512650602
 0.00225166666667
 -0.0101413453815
 -0.0164554417671
 -0.0123484939759
 -0.000331726907632
 -0.0104860441767
 -0.011371686747
 -0.0157134939759
 -0.0132447991968
 0.0102477309237
 -0.0175476305221
 0.00424493975904
 0.00484481927711
 -0.00110935742972
 -0.0116789156627
 -0.0097002811245
 0.00344700803213
 -0.0166763453815
 0.000530622489958
 0.0032516064257
 0.0135721485944
 -0.0137577309237
 -0.013751686747
 0.0053066064257
 -0.00659979919679
 -0.0178137951807
 -0.0150441566265
 0.00170863453815
 -0.0153883333333
 -0.0220575702811
 -0.00437564257028
 0.0133331927711
 -0.0123252409639
 0.0014812248996
 -0.00961722891566
 0.0116973092369
 -0.0151840963855
 -0.00742728915663
 0.00664491967871
 -0.0232423293173
 -0.00531218875502
 -0.00834166666667
 -0.0321634136546
 -0.0108226706827
 0.00669469879518
 -0.0179040160643
 1.47188755015e-05
 0.0199977309237
 -0.01657
 -0.0253947590361
 -0.0350239759036
 0.00390614457832
 0.00962939759036
 -0.00948313253012
 -0.0117345180723
 -0.0134384538153
 0.000996204819277
 0.0278361646586
 0.000680702811245
 0.0103257429719
 -0.0179070883534
 -0.0162719879518
 -0.00649592369478
 -0.00937170682731
 -0.00735787148594
 -0.000506807228916
 0.00901833333333
 -0.0150337349398
 -0.00549248995984
 -0.00706477911647
 0.000402349397589
 0.0221809638554
 -0.00174817269076
 -0.00347602409638
 -0.0224151204819
 -0.000681526104419
 -0.00206032128514
 -0.0029183935743
 0.00411564257028
 -0.0143985943775
 0.0196103012048
 0.0114064658635
 -0.00127572289157
 -0.0189219678715
 -0.00173714859438
 -0.000338634538153
 -0.00788628514056
 -0.0309030923695
 -0.00956931726908
 -0.0141049799197
 -0.000303935742973
 0.0033193373494
 -0.0166692369478
 -0.0110993975904
 0.00384686746988
 0.00807983935743
 0.00229991967871
 -0.0178712851406
-0.0013424714951
 0.00877465071463
 -0.019607330175
 0.0182370378995
 0.0118372996628
 -0.000352440982816
 0.010262970933
 0.0176323960173
 0.00954549783202
 -0.00153409587281
 0.00613644531877
 0.003241992934
 0.00503755179059
 -0.00304859402602
 -0.000505635940261
 0.0153508382849
 -0.000132860125262
 0.0267081234945
 0.00188731893368
 -0.00437133049623
 0.00827213987474
 0.00435403484824
 0.010990374177
 0.0102311409989
 0.0109330945881
 -0.0042849911675
 0.0153283884696
 0.00864789384937
 0.0106094234784
 0.00805343825277
 -0.00105079492533
 0.00326867673037
 0.00425836518388
 0.0126539095873
 0.00317136984101
 0.0201554408222
 -0.00549633611691
 -0.0105543841336
 -0.00269166532841
 -0.00628881082383
 -0.00610504496547
 0.00656812670628
 0.000523404528664
 0.00252235827847
 0.00549285289867
 0.00524839890798
 -0.0122955893689
 -0.00769742492372
 0.00520261120925
 -0.00327609763931
 -0.00214394009957
 0.00884367994219
 -0.00300392564638
 -0.00683650232857
 0.00207662437771
 -0.0211474626626
 0.00198650955516
 0.00332286735186
 -0.011200908142
 -0.0101378368396
 0.0161112734864
 0.0104108326642
 -0.00266528665489
 -0.0192416621166
 -0.00361257186446
 -0.00376379315883
 0.00293685161394
 0.00838731572186
 0.000955333226273
 0.000117510839893
 0.00777719367272
 0.0280180496226
 0.00238019351212
 -0.0100642516461
 -0.00178030110808
 -0.00679220651999
 0.0251152272362
 -0.000576027782238
 -0.00670984984744
 -0.0110378978641
 -0.00204696643648
 0.0172735779669
 0.00656377709973
 0.0157627774209
 0.0130371471013
 0.0142944933355
 0.00629873052835
 0.0123961875703
 0.0132301629998
 0.00923417456239
 -0.00183243215031
 -0.00938685884053
 0.00233422836037
 -0.0155760872009
 -0.0149069985547
 -0.0093452794283
 -2.78135538778e-05
 -0.0033108149992
 -0.0139476987313
 -0.0126101308816
 -0.00370587762968
 0.00893846876506
 0.0024557917135
 0.0479929444355
 -0.00642031716717
 -0.00362065922595
 0.00685020395053
 0.00951843504095
 0.000527261923878
 0.0164981267063
 0.0143235779669
 0.0150115400674
 -0.00642525453669
 0.00832029388149
 0.019814946202
 0.00207166532841
 0.000207502007385
 0.0153324586478
 -0.0184378673519
 0.0175556126546
 -0.0187797261924
 -0.00275543359563
 0.00976352818371
 0.00101142203308
 -0.00715488196563
 -0.00317013088165
 -0.00965149911675
 -0.0171440115626
 -0.00999317327766
 -0.00916313232696
 0.0139049983941
 0.018047455436
 0.00964302633692
 0.036934857074
 0.00580214710133
 -0.00073961297575
 -0.00286029548739
 0.00738657218564
 -0.0031855676891
 -0.0144069270917
 0.000619557571863
 -0.00593919222739
 0.00438323590814
 0.00109372651357
 0.00699063594026
 0.0194034117553
 0.0115399052513
 -0.00308296932712
 -0.00470944676409
 0.0211003581179
 -0.00888465633532
 0.00353428537016
 0.00501225469728
 -0.0104114702104
 -0.0182054352015
 -0.00123030110808
 0.00594138268829
 -0.00438389352819
 -0.00407454713345
 -0.00300577886623
 0.010460444034
 0.00763974225149
 -0.0110132969327
 0.0382389473262
 -0.0202666854023
 -0.00646558214228
 -0.00770041191585
 0.00286996226112
 -0.00398189818532
 0.0292316958407
 -0.00598261120925
 0.00730876987313
 -0.00630321984904
 0.00450642203308
 0.0138001469407
 0.00668533322627
 -0.00655189095873
 -0.00845881644451
 -0.000465682511642
 -0.00867641320058
 0.0131329837803
 0.00659762887426
 0.0105938573952
 0.0230484816123
 -0.00629442508431
 0.00579578448691
 0.0115823855789
 0.0116346226112
 0.00757558936888
 -0.0226302079653
 0.0107404600931
 -0.00300056608318
 0.00404964348804
 -0.0189584888389
 -0.00226101172314
 -0.0200953243938
 0.00978126786574
 -0.000661445318773
 0.00976868395696
 -0.00993258792356
 0.013928879075
 0.00292212381564
 -0.014814430705
 0.0451989240405
 -0.00494992853702
 -0.00295736229324
 -0.0158409169745
 -0.00594560542797
 0.0100999983941
 -0.00301180504255
 0.00105147904288
 -0.00512604785611
 -0.00650571462984
 0.0020861530432
 0.0041452970933
 -0.0113441119319
 -0.00502876425245
 -0.00909418178898
 -0.00881104785611
 0.0158419503774
 -0.00680338124297
 -0.010883132327
 0.0021208398908
 0.00552433194154
 -0.00517897944436
 0.00246696643649
 0.0162822402441
 -0.0057852882608
 -0.00857286735186
 -0.00463138268829
 -0.00738707001766
 -0.00273842781435
 0.0215233828489
 0.0140271238156
 -0.00262236389915
 -0.00948348161233
 0.0172647799904
 0.0266411193191
 0.026043149992
 -0.000624726192388
 -0.00422250923398
 0.0207626288743
 -0.00720469728601
 -0.00348793319415
 0.00931632326963
 0.00539312510037
 0.00367376264654
 0.0115867640919
 -0.00478892564638
 0.00734339890798
 0.0112887875381
 0.028103219849
 0.0109211514373
 0.0186210438413
 0.0141756287137
 0.0114238236711
0.0044678207608
 0.0158715344939
 0.0232759606705
 0.0248578046422
 0.0183676627982
 0.0050448420374
 0.0152828884591
 0.00800392649903
 0.0150061863314
 -0.00686240812379
 -0.00349298194713
 0.0273111347518
 0.0204434912959
 0.0248531689233
 0.00517554158607
 0.0130346292714
 -0.0150555512573
 -0.00273545776918
 0.0248184107028
 0.00434650225661
 0.0389651805287
 0.0182453094778
 0.0249031463572
 0.00902843004513
 0.0024235589942
 0.0159791618311
 0.0124102998066
 0.0496928787879
 0.0197662411348
 0.0101623984526
 0.023902063185
 0.0234156350741
 0.0169702901354
 0.0270487653127
 0.054278891038
 0.0355945132173
 0.0114268826564
 0.0103752740168
 0.0188149580916
 0.0238391199226
 0.0268978110896
 0.00591645712444
 0.0101174210187
 0.020481898775
 0.0152726853643
 0.00991111540941
 0.0214421308833
 0.0103731495809
 0.0272273243069
 0.00613708575113
 0.0130489393939
 -0.00516071244358
 0.0206210283688
 0.0571781431335
 0.0116839587363
 0.019111379755
 0.0128278110896
 0.0218571470019
 0.00165782398452
 0.00476400386847
 0.00947369439072
 0.024117546744
 -0.00166319793682
 0.0122786653772
 0.0079952901354
 0.0205513733075
 0.015158655706
 0.0360532527402
 0.0154372533849
 -0.000831966473243
 0.00115061573179
 -0.00986774016764
 0.0241657285622
 0.0174389200516
 -0.0036493584784
 0.0253823920052
 0.0087097098646
 0.0400418923275
 0.00678461960026
 0.00235275950999
 0.0088865377176
 0.0242484912959
 0.0126120696325
 0.0100384235977
 0.0064810412637
 0.0112163313991
 0.037481969697
 0.0200688459059
 0.0164893133462
 0.0116309896841
 0.0235066312057
 0.028777169568
 0.0144778336557
 0.0321238974855
 0.0400706382979
 0.0119511831077
 0.00343485815603
 0.0135978175371
 0.0223719148936
 -0.00124158929723
 0.0128500967118
 0.0137775531915
 0.017215212766
 0.0396897775629
 0.0423029690522
 0.018738243069
 0.0165518117344
 0.0162010541586
 0.0198970857511
 0.026968313991
 0.0121914635719
 -2.76079948414e-05
 0.0149266408769
 0.01133275951
 0.018208065764
 0.0216675564152
 0.0204187588652
 0.0128264732431
 -0.00868394584139
 0.00929039329465
 0.0383258446164
 0.0124157930367
 0.0124367311412
 0.00717319471309
 0.000496550612507
 0.0218992488717
 0.000627656350744
 0.000642888459058
 0.00217319793682
 0.0156513700838
 0.0136934397163
 0.0217269922631
 0.00705198259188
 0.0133511379755
 0.0159288265635
 0.0234085041908
 0.0120491424887
 -0.0002782688588
 0.0152747324307
 -0.00207811411992
 0.016642040619
 0.00561666666667
 0.00498087040619
 0.0112774049001
 0.043943243069
 0.0242273275306
 0.0443513023856
 0.00460061250806
 0.00450391682785
 0.0110567956157
 0.0130974758221
 0.00255637330755
 0.0148871889104
 0.0130245486783
 0.00408821083172
 0.0139863926499
 0.0123197098646
 0.00509699226306
 0.0171420599613
 0.0396171470019
 -0.000756669890393
 0.0258283526757
 0.0120229529336
 0.0241592682141
 0.0402621212121
 0.024436273372
 0.0230605770471
 0.0120021373308
 0.0298048742747
 0.00416892972276
 0.0271184010316
 0.00216971631206
 0.0162495486783
 0.0289628433269
 0.0199404867827
 0.00617692456479
 0.00868334945196
 0.0102097678917
 0.00754257575758
 0.0238012088975
 0.0273405351386
 -0.000240067698257
 0.0112626370084
 0.037881131528
 0.0202011573179
 0.0124303997421
 0.0324936782721
 3.8900709221e-05
 0.0234026660219
 0.0258111121857
 0.00961765635074
 0.0155906995487
 0.0483150805932
 0.0115173243069
 0.0134737846551
 0.0116379078014
 0.0170711895551
 0.0247642424242
 0.0386851934236
 0.0106815441651
 0.0322022501612
 0.0260998355899
 0.0189194197292
 0.0104823339781
 0.00277197614442
 0.0218327304965
 0.0219664281109
 0.027933136686
 0.0130315731786
 0.0180614893617
 0.00384350741457
 0.0257551901999
 0.0224164377821
 0.0121413120567
 0.030469339136
 0.0197355222437
 0.00270438749194
 0.0173764603482
 0.0230373081883
 0.0330152965828
 0.019068655706
 -0.00194548355899
 0.00694720180529
 0.0254301708575
 0.0327965409413
 0.0261079303675
 0.00748976789168
 0.00314515151515
 0.0170579078014
 0.0102668858801
 0.0104521566731
 0.0195773887814
 0.00440578014184
 0.0226174725983
 0.00857770470664
 0.0226696840748
 0.0327686686009
 0.00815618955513
 0.0212862894907
 0.00602952288846
 -0.00322265957447
 -0.00211310767247
 0.010188620245
 0.0290234171502
 0.0151203642811
 0.00356277885236
 0.00499726627982
 0.0136487040619
 0.0151287427466
 0.0324767794971
 0.0191957704707
 0.00482511283043
 0.0250361895551
 0.00518318504191
 0.00955726627982
 0.00410377176016
0.00744881705207
 -0.00968345917886
 0.0139042952651
 -0.0130039822243
 -0.0114534819884
 -0.00540005505742
 -0.0119936573856
 -0.0129394950448
 -0.00953757039484
 0.00645702925908
 0.00404580698443
 -0.0177635692937
 -0.00476128913009
 0.0106793070631
 0.0065083144565
 -0.0134187557024
 -0.00923991190813
 -0.00614619553248
 0.000311622620732
 0.0155580423156
 0.0178846098789
 0.00256832232185
 -0.00641207173195
 -0.00301334513135
 0.00123211892402
 0.024803485921
 0.000951883750197
 -0.0134783569294
 -0.0119754475381
 0.00485656127104
 0.0117869592575
 0.0041172801636
 0.00988775208432
 -0.0147772620733
 -0.0074074374705
 -0.000464900110117
 -0.00452113182319
 6.59666509328e-05
 0.023540821142
 -0.0148365856536
 -0.0143531484977
 0.0140510421583
 -0.00282289759321
 -0.0026805922605
 0.00442158958628
 0.00599338996382
 0.00134807535001
 0.00764492449268
 0.00174957684442
 -0.00376115463269
 0.00876590136857
 0.0300515408211
 0.00561035158093
 -0.0142271354412
 -0.00207837973887
 0.0106759871008
 -0.00828786455875
 0.0205632444549
 -0.0122358824917
 -0.000946548686485
 -0.00449018404908
 -0.0320431484977
 0.00157034135598
 0.0107542032405
 -0.00677562293535
 0.0138534308636
 0.0186392991977
 0.0010819042001
 0.0147541702061
 0.00256447066226
 -0.00481441953752
 0.00299015966651
 -0.00221569686959
 0.0167165101463
 0.00451493078496
 0.0122182837817
 -0.00339919458864
 -0.00617864952022
 0.0232669679094
 -0.00146155261916
 0.00908701274186
 0.00895404593362
 -0.016656561271
 -0.0148757802423
 -0.00988089271669
 0.00743522258927
 -0.0200119167846
 -0.000589513921661
 -0.00426899874154
 -0.0148992991977
 -0.00705065361019
 0.00429506528237
 -0.00538448324681
 0.00590320198207
 0.00720102564103
 0.000428109957525
 -0.00415687352525
 0.000812333647946
 0.00864981595092
 -0.00262426223061
 -0.0029277174768
 -0.0114794093126
 -0.0237410626081
 -0.0144943503225
 -0.0181554451785
 -0.00216318939752
 -0.00606291961617
 -0.0138017390278
 0.0071673210634
 0.00455363929527
 -0.0194010193487
 0.0177190907661
 0.00461200880919
 -0.0135016879031
 0.00332153059619
 -0.00489072518483
 0.00313968302658
 -0.00135488123328
 0.0155251533742
 0.0146595563945
 0.0148649040428
 0.00137970190341
 0.028961867233
 -0.022287733994
 0.0198743196476
 -0.00875764590215
 0.0103172825232
 -0.00689164071103
 -0.000745727544441
 -0.00193653846154
 -0.00649957920402
 -0.0176620331918
 -0.00135663441875
 -0.00559449347177
 -0.000834627969169
 -0.00190874154475
 0.00917532483876
 -0.0114194848199
 0.000565167531853
 -0.000607925908447
 0.00539722117351
 0.0267154554035
 0.0274252493314
 -0.016373087148
 0.00312282365896
 0.0258421574642
 -0.0180341214409
 -0.0124116957684
 0.00877953830423
 0.00265669812805
 0.00281057023753
 -0.00500675711814
 0.0201935205286
 -0.0036070434167
 0.0142116100362
 -0.024115500236
 0.0170229809659
 0.00269475302816
 -0.0115850487651
 -0.0169701329243
 0.00437900503382
 -0.0236265652037
 0.00361148340412
 -0.0240782326569
 -0.00117573540978
 0.00272685543495
 0.0118682059147
 -0.00746976482618
 0.021349932358
 0.00677868019506
 0.0152461035079
 0.000573636935659
 -0.0128879424257
 -0.00376992449268
 -0.0216507212522
 0.00027023281422
 -0.00627849221331
 -0.00583648733679
 0.00589621598238
 0.00312603822558
 0.0078962073305
 0.0119271802737
 0.0200296444864
 -0.0103165101463
 -0.010956982067
 -0.0129610114834
 0.0117439617744
 -0.0139743833569
 -0.00591076844423
 0.00652017382413
 -0.0100304554035
 -0.00771107047349
 -0.0106651203398
 0.0187790766085
 -0.00241782601856
 0.00746425436527
 0.000585874626395
 0.0293511687903
 0.00946950526978
 -0.00226018168948
 0.000965837659272
 -0.0074621024068
 -0.0166441497562
 0.00579781343401
 0.00750556001258
 -0.013765069215
 -0.00372746421268
 -0.0105682609722
 -0.00534941167217
 -0.00154497561743
 -0.00678874311782
 -0.00166759477741
 0.0135044462797
 0.00667071338682
 0.00787370064496
 0.0181793400975
 -0.00387934009753
 0.00517559068743
 0.0241424500551
 -0.0283451982067
 0.0121670434167
 -0.00609479550102
 -0.00168227623093
 -0.0112524988202
 -0.015732335221
 0.000142173981441
 -0.0147701101148
 -0.00150434009753
 0.0124123336479
 -0.0129601101148
 -0.0125213835142
 -0.00825205128205
 -0.028167208589
 0.00450808557495
 0.00258190026742
 0.00492602800063
 -0.00114488988517
 -0.00298069057732
 -0.0164467917257
 0.00210909705836
 -0.0319625475853
 -0.0031669042001
 0.0120171228567
 -0.00691485921032
 0.00925425436527
 0.00828080698443
 0.00901924178072
 -0.0070506559698
 -0.0117480320906
 0.00336918279062
 -0.00719231083845
 -0.0117962482303
 0.000449568979079
 -0.0121741639138
 0.00524197577473
 -0.00839159194588
