-0.0198634560122
-0.129566330368
0.527639489295
-0.127086371149
-0.0407580036722
0.131677465714
0.108456956371
-0.615024036734
-0.628033736027
-0.302851159881
-0.335146974798
-0.662853007919
0.174187809953
0.0182804813431
-0.200906302383
-1.22917972157
-0.209375939269
-0.425831195243
-0.254001667739
-0.119266487834
0.00174295132057
-0.299206217596
-0.00319722765419
0.287586826503
-0.533380200961
-0.172530830865
0.125909209382
0.480746655673
0.191450936034
0.362722934507
0.247329647333
-0.281475289936
0.099674299079
-0.545780795073
-1.07759324594
0.0986435980508
0.29604153837
0.161088419155
0.446541519086
-0.856707420836
-0.362713602775
-0.586352291123
-0.43491168671
0.627205512487
-0.0510115733747
-0.552476604924
0.227081301723
0.185329312857
0.107092826867
0.0300206361637
-0.302242867093
0.00903730764502
0.843682700667
0.203356262985
-0.286135121548
-0.346817853373
-0.694948571638
-0.578912852012
0.241901421667
-0.356259849991
-0.205331644879
-0.189705918983
-0.443103554802
-0.0229150736641
-0.162376825995
-0.534657742349
-0.132797009908
0.0934989165965
0.0868242505221
-0.0410725937455
0.0574643939438
-0.278775275351
0.0056228020974
0.469187623677
0.00963258537563
-0.241808569259
-0.37750898668
-0.192681751663
-0.44276958473
-0.204064669389
0.287019936984
-0.113510302364
0.0744017960981
-0.577067841167
-0.299993548308
0.294043165044
0.0633785574357
-0.123144404685
-0.503065344452
0.0121530036671
-0.00180025016614
0.371733974789
-0.361055466208
-0.358630591524
-0.146974266041
-0.324260491298
-0.458714602512
-0.101031220097
-0.640218113867
0.218481178758
-0.016129418935
0.370641644551
-0.930525998082
-0.21326852472
-0.21460967238
0.579036237443
0.0943972263774
0.373289467101
-0.509902652017
0.140935178604
-0.276040054687
6.91339277335
0.0532120743099
0.488008612148
0.153553079367
-0.0144893539104
3.02372644784
-0.8553057655
-0.413580182032
-0.483604214524
0.242027119661
0.106009804396
-0.136320759503
0.244040080109
-0.155545706033
0.135724870681
-0.477142033466
-0.45595796967
-0.164940358612
-0.0634828480447
0.0750745027581
0.639834053437
-0.0739264553237
0.23674304217
-0.632668033586
0.122049452743
-0.575499635749
0.140536971997
-0.888644857954
0.0964610033044
0.351460040008
-0.477262830744
-0.615936729939
0.342797151921
-0.329664908347
-0.042670198672
-0.134033064151
-1.4432931706
-0.285418092757
-0.24537027844
-0.976720032621
-0.787216631866
-0.109364070668
-0.179552141775
0.454572792245
0.192573310422
-0.607392113283
-0.379007105857
1.65146082796
-0.56469972359
-0.794266374123
-0.164117455166
-0.0868847366309
-0.435685971211
-0.417669457573
-0.302230654842
-0.182734037015
0.0504493640995
-0.251548632507
0.276280367148
-0.498546701413
-0.151869106795
-1.07800639194
0.200906137028
-0.282798100048
-0.0181112256816
-0.0220897426262
-0.0363370730188
-0.0207006925568
0.076321571033
-0.17531107342
-0.399923906846
-0.170387923537
-0.00203469854171
-0.22257936905
0.22120468563
-0.497334714602
0.00107016557813
0.45652026282
0.200116115116
-0.571395298591
-0.688151790245
-0.755881486854
0.141555175599
0.166526127528
-0.468150337236
-0.282867965817
-0.318349251461
-0.166870605983
-0.00766434007472
-0.0341276309714
-0.239262914073
0.239597823549
0.0367825230153
-0.323450818589
-0.0944690428476
-0.127900793598
-0.224528198406
0.228881695675
-0.246395807954
-0.346167543828
0.0590670649413
-0.398311654887
-0.218219142581
-0.591647787644
0.196742660561
-0.701194148202
-0.721967723644
-0.241600395435
0.234485654576
-0.465809414588
-0.171411880987
0.262464103328
-0.113995224099
0.0867358890401
-0.431744035901
0.130758402775
-0.375458680135
-0.00580170342398
-0.416194885802
-0.270032914173
-0.81611509015
0.146082949068
-0.067624485768
4.62093342173
-0.488643579694
-1.09972400121
-0.49747690968
-0.322239430888
-0.346725779808
-0.378438191347
-0.249172199432
-0.56120520096
-0.473708677533
-0.265721690079
-0.02710332691
-0.318039986274
0.0226106420937
-0.192398713099
-0.304782373017
-0.522589711599
-0.555785952352
-0.0310800585078
0.25518231872
-0.586807784593
-0.820668249093
-0.50170555393
-0.374645323278
-0.0937283720352
-0.283125281437
-0.271412184063
-0.65947142057
0.128079111603
-1.22059866596
-0.255264890309
-0.900801438078
-0.0870852784509
0.24873192109
0.0387198537198
-0.314104983589
-0.0854287162721
-0.291671115153
0.0118798060927
-0.210869761275
-0.0703836249769
0.232215210746
-0.212537413033
0.850953117337
0.256323790601
-0.254101472498
-0.0241459855869
0.429174169228
0.204211280504
-0.195793659554
-0.230305376886
0.0141960266746
-0.0489665714282
-0.214777919312
-0.119176070299
-0.308528752794
-0.417905681972
0.356426818803
0.384170271692
0.171194208246
0.170431059271
0.158297743011
0.188755767701
-0.442678702109
0.128673186473
0.238214974889
0.184404744383
-0.325779280821
-0.131803307221
-0.354164583568
-0.615324318968
0.13380978371
6.72809241082
0.0715024167836
0.0786354351797
0.0440480789841
-0.100212653694
0.116490218976
-0.153893425469
-0.0382566246913
0.54935783135
0.43101987237
0.44691113969
0.0363670913073
-0.196760582286
-0.26526746206
-0.0425867294166
-0.621670665924
0.618356249364
0.540377812743
-0.272582325707
0.353276947556
0.0619004180603
-0.244010021067
0.00449233818851
-0.174782537658
-0.196888284012
-0.236010173308
-0.0146533325001
-0.12828880613
0.1505927778
-0.996580114411
0.0732240903917
0.27339399433
-0.476997560049
-0.0337212958274
0.972742965211
0.323059335795
-0.0488630175843
0.135766256102
0.720092650673
0.346324182885
0.289950154568
-0.111454445167
-0.330359649389
-0.322695097749
-0.682238227038
-0.190334943744
0.732852276291
-0.141914005411
0.363446357001
0.473984630627
0.148084885388
0.464315931382
-0.0563722177737
-0.223966062821
-0.207272822048
0.376163556523
0.244070182703
-0.184413969882
0.381931490784
0.535314958652
0.461505303433
-0.137313650291
0.187834741274
0.210730006294
0.125102838387
-0.173910816908
-0.41011443122
-0.428984332276
0.82795669063
-0.274575157415
0.256373544046
0.191103032777
0.327032670966
-0.113881308455
-0.168249468664
0.110340140782
-0.222810449328
-0.0503384475348
0.683274159708
0.0266981657442
-0.571343368806
-0.14135139847
0.0145593278133
-1.06505267416
-0.221284075938
0.0311889975799
0.429649324969
0.136222600684
0.227831072003
0.219622254909
0.256404075066
-0.506845163873
0.285668017079
0.565188245912
0.294201836475
0.496717396929
0.0505193558787
-0.19923229303
0.0823683379541
0.0584663206776
-0.69302546257
-0.347418719735
-0.498007095287
-0.0712025260392
-0.058374508598
0.298470796419
-1.27084835549
-0.0451513400261
-0.130796238605
-0.554110812371
1.09178984203
-0.206467052293
-0.136644454899
-0.170848516104
0.165391029224
0.0660005180491
-0.197835964851
0.274519638946
-0.604473882325
-0.125891240065
0.245751666625
0.12900884032
-1.10638196648
-0.297096012249
-0.1194779322
0.462914193474
0.0989326991758
0.0901050825851
-0.188836962305
-0.4317282159
-0.266141755047
-0.0484619797534
-0.299804641377
-0.234804195555
0.26898332285
-0.522612421127
-1.10372532477
0.0458942225945
-0.327577878195
-0.0584191200019
0.208477093898
0.130626006141
-0.267270794433
0.295379446612
0.0522313416186
0.120478498433
-0.145690589982
0.0340924110191
0.544970421948
0.0218493743599
-0.0473552217342
-0.603131566262
0.352378346074
0.319446184416
0.210279572747
0.0913871323696
0.677030215538
0.0997053656724
-0.366754387989
-0.1804627798
-0.350982482699
-0.259764463371
6.33981010026
0.0812084146861
0.466183582497
-0.0961102953931
0.136350046889
-0.489903022031
0.322958397992
0.495377185866
-0.456972257216
0.0822190946542
-0.530684727131
0.360617487339
-0.527999917357
-0.592289449846
-0.776032754485
0.309655482764
-0.528553568922
0.0627298708927
-0.666247255712
0.798499993868
-0.127095747968
-0.454809304987
0.335359397276
-0.229875971439
-0.0428979530929
-0.394129480438
-0.44894885049
0.30327212674
0.093578174793
-0.231136182759
-0.141128068896
3.25717741078
0.495190310516
0.274866611124
1.67517699767
-0.336928286803
-0.195701947249
-0.299530833167
0.378390023788
-0.223512370782
-0.358507997249
-0.137830669985
-0.397258528001
0.0189145027264
0.0388261228423
0.158640787675
0.0367151877767
-0.737713880066
0.139889233238
0.213442766922
-0.433625270004
-0.894861367206
6.33447447364
-0.761767733891
-0.0968523619338
-0.454837539882
0.428117248933
-0.231073479966
-0.224155789807
0.219210967417
0.283859856211
0.248389524219
-0.121781407414
-0.204759755096
-0.209752158379
0.214928974109
-0.0773514327611
-0.67744609198
-0.0865411519041
0.0217273573685
0.258439100152
-0.70506687565
0.603473184783
0.0921604115559
-0.222933739282
-0.54828597545
-0.318938699137
0.291211602822
-0.531832191357
0.100447127574
-0.431323391064
-9.88349526452e-05
-0.206275714937
0.129423382875
0.418871919014
-1.25942989684
-0.384942835766
-0.083463166816
0.0761812030827
0.0348924260477
-0.506996446753
-0.231852874937
0.251798673294
-0.1238067139
-1.98857606603
0.602174532913
-0.0493128153885
0.246574240182
0.433704741771
0.191795039437
0.173082437599
-0.0802122923213
-0.205468610664
0.422632390708
-0.178589417534
-0.340899976435
-0.752292998876
-0.425661894856
-0.116387753198
-0.508506719266
-0.496943959044
-0.382750606945
-0.16819536664
0.337062986102
-0.241666052161
0.0449578866043
-0.337751858181
0.00893494973378
0.336858874775
-0.199357421502
3.37618111843
-0.165649657518
0.234661835808
0.623453114404
-0.176868937696
0.365084429594
0.121442527344
0.0878429612386
0.251967400589
0.157717414285
0.186485452096
0.547629147496
0.597165634435
-0.126500439493
-0.226268371716
0.0924632021514
0.139406615572
0.161204668028
0.131833727276
0.529167741636
-0.126866797772
-0.291649874901
0.176337279601
-0.0166716345238
-0.232652555033
0.0264126522595
0.360846635919
0.442089074029
0.232344393343
0.0493310133772
-0.331200244124
0.302538329219
0.417665137674
0.170957938573
-0.425870265597
-0.237240849123
-0.568834868921
0.277492849207
-0.323230605132
-0.0947657938315
-0.133268665808
-0.36208430835
0.471615669493
-0.705431913049
0.0625533007559
0.134565094317
-0.298774359501
-0.510539931576
0.101962890377
-0.559886778492
-0.37816530977
0.196409583292
-0.491703016142
-0.0636432048382
-0.209544699848
-0.327693269609
-0.0185567038697
-0.236923876697
-1.1334498989
-0.0685525385956
-0.0280513858852
0.0164852200781
-0.504484776457
-0.192609049751
0.185708158858
0.203589250538
-0.339518432617
0.290815044298
-0.126143925788
0.12485343516
0.0898681120412
-0.403882989088
-0.939256835982
0.0831612641052
5.96639973088
-0.757699976229
-0.177315901316
-0.158319631244
0.159504356554
0.722946313189
0.083521446112
0.160563354949
0.265335697575
-0.0602143836426
-0.0808310944812
-0.539847450598
0.302038150895
-0.0181640812298
0.197088343215
0.204312506867
-0.239169320222
0.529557873333
-0.486112876677
0.492149597849
-0.14628506609
0.381770090265
-0.317016603781
-0.184067121597
-0.305855298828
-0.0721344140955
-0.211136528833
0.373874593298
-0.374373219648
0.158631728818
-0.130115801628
0.0126005710106
0.439743944155
0.634129145334
0.0746271055512
0.0501449093604
-0.444185931864
0.348173489451
-0.28967058517
0.393239172563
0.0178100463046
0.391437727366
0.627954393354
0.134930944191
-0.226117905657
-0.120790240982
-0.143651685038
0.0699410444034
0.364510885231
-0.152252534684
-0.0527575406678
0.499713660814
0.529692951012
-0.488946255596
-0.0206352664138
0.268661047357
-0.387182382763
0.0659253873317
0.011842147148
0.102481283718
-0.00724605913323
-0.108823242641
0.0747966891074
0.07141646075
-0.181320872147
-0.112196599014
0.236378773837
-0.459993783444
0.0294270769618
-0.784442802423
0.0230507873049
0.718336816898
0.0416122638593
-0.209003175285
-0.0590304513481
-0.554795824867
0.470816568346
0.448873669047
-0.442372647393
0.414324491949
-0.998223653967
0.0136130442444
0.0802605543311
0.113573265548
-0.791535872931
0.121000397223
-0.395011154581
0.0396985073217
0.496171110095
-0.386557353247
0.1365414893
-0.129616173063
0.0485709986198
-0.281231620025
0.0030100217669
0.0853738267035
-0.160410653366
-0.046953204479
0.0337954334827
-0.0688423466132
0.374503621945
-0.00705663074454
-0.0288576947107
-0.225314063448
-0.0260744897948
5.24653589572
-0.512123889704
0.211947488281
-0.65075485213
-0.473289521568
-0.0296399223957
-0.0532476082835
-0.317179780325
-0.346286414792
-0.948551550039
-0.582677314839
0.185572024334
-1.2737043689
0.183155971814
-0.115064739309
-0.229260617627
-0.83038342403
-0.377757878737
-0.0906148214856
-0.297258319933
-0.304705973637
0.0733518027706
-0.14694077657
-0.277823606513
-0.126173398348
-0.651696956662
-0.230991575017
-0.151176136501
0.327221446056
-1.29872468266
-0.103805119829
-0.274905683939
-0.621250370988
0.340540051049
-0.832633919582
-0.614162431304
-0.578411511875
-0.402446943362
-0.369261952946
-0.90949330524
0.112699926434
-0.0584712508061
-0.714270040249
-0.562818780326
0.128946366072
-0.248864011775
-0.294897079104
-0.335034698404
-0.431313280667
-1.37412623011
-0.617709449007
-0.449625854655
-1.19614464881
0.179865816457
-0.428110640431
-0.551333564574
0.0686256399598
-0.520146422187
-0.387492979454
0.29608239109
-0.458745009925
-0.109690005893
-0.505757524606
-0.738945094201
0.234070804156
-0.49218292063
-0.628921381913
-0.00405897534806
-0.461378855244
-0.0970074622289
-0.686691527425
-0.506486810163
-0.166086896682
-0.80782406004
0.218155758334
-0.94402946821
-0.569097015987
-0.999962121135
-0.97434537773
-0.10121722487
-1.0603794087
-0.204279800354
-0.271208996096
0.459076178413
-0.25046516349
-0.458382734279
-0.0776049304269
-0.139741482037
-0.932860364275
-0.183073088968
-0.952999809588
-0.355705332535
-0.388962288051
-0.593117574386
-0.460602359861
-0.0181351552671
-0.0860066998438
0.633338849764
-0.28394081549
-0.611018914829
-0.465818545204
-0.269130437859
-0.801782663345
-0.302757123828
-0.555937635051
0.750960595087
-0.398304477968
-0.387168210288
-0.17929238215
0.126965839855
-0.421225408413
0.0392138612319
-0.982035626944
-0.758383676151
-0.463028331567
-0.287112991347
-0.515871169668
0.189497031363
-0.344803361171
-0.84018845952
-0.481184015424
-0.336128712127
-0.555698497736
-0.370588218426
0.00158824396388
-0.399848427141
-0.0807467510103
-0.80057065352
0.187871556057
-0.710438333347
-0.253871932146
-0.228591053544
-0.513250312744
-0.176719453731
-0.429225272874
-0.893044895589
-0.229542401278
-0.473776987218
-0.856020617753
0.263309457259
-0.428086233824
-0.218242419579
-0.496851778908
-0.286938867162
-0.702656311494
0.296888292996
-0.411897037048
-0.48129923406
6.20250875825
-0.230092562734
-0.612578010805
-0.708045852534
-0.638231954718
-0.725122256764
-0.431386457795
-0.126695317873
-0.334779273415
-1.02737874628
-0.560141916286
-0.196553721577
-0.699674632884
-0.0912960030186
-0.268874695038
-0.101473453926
-0.33257984436
-0.569366340171
-0.346845620213
-0.639990663061
-0.340713015386
-0.498915871072
-0.480637950197
-0.268176590167
-0.136577012406
0.114697205213
-0.467197701155
-1.33032916143
-0.507369639133
0.662910146662
0.379732752773
-1.09891905935
0.213304099547
-0.213694038386
-0.447037022805
-0.434660584012
-0.703842145293
-0.282618904775
-0.112405275354
-0.290431175166
-0.708499480997
-0.74037590013
-0.753332525962
-0.570285840722
-0.850648071207
0.197632220856
0.0348344121864
-0.16805820816
-0.259959030153
2.47234274918
-0.425190701762
-0.747224987125
1.80499971985
-0.0158567166401
-0.0167383952506
-0.0263055457768
0.274597662592
-0.260974835998
-0.424685639161
-0.0438699588161
-0.417964645348
-0.484162176541
-0.299287007099
-0.5321277894
0.126619038331
-0.526645913587
-0.307846425647
-0.148976667124
-0.190486210524
-0.588154477734
-0.479739426521
0.233128132746
0.317494580494
-0.101897711444
-0.116965997419
0.27141420372
-0.205964112425
0.167636346237
-0.727697080313
-0.252297362049
-0.0311982712304
-0.1375584972
-0.271736344847
-0.843299566677
-0.415520505069
0.102961531181
-0.147922377586
-0.677943615865
-0.17934964636
-0.0802673023023
-0.373606025456
0.472306632623
0.0977266625675
-0.0546180001509
-0.351406010216
1.55086704734
-0.244779818638
0.132391521175
0.495195068362
-0.13137054464
-0.405761991561
0.194017543009
-0.0387295620368
0.320279775241
0.520391052767
-0.307774664529
-0.965035886501
-1.16221698834
-0.483755646427
-0.151976430396
0.449108990041
0.0846308412154
0.120080377638
-0.0965778155326
0.280287033536
-0.0749471133795
0.0524068550886
-0.18126558044
7.09205570478
0.00478325156981
0.156111148143
0.572934829565
-0.439993527413
0.112121318235
0.0555856136258
0.550590986217
-0.0485491953675
-0.0103767236656
-0.500707494568
-0.164533617312
-0.171998918549
0.38002289343
-0.278544191614
0.62488610551
0.0785634031827
-0.149194516597
-0.0367598431292
0.409120088952
-0.520488238336
0.368112448586
-0.13747633201
0.0249371112056
-0.35033862167
-0.589244536355
-0.241708101832
0.188028104681
0.232253559523
0.0272426534741
0.126808785109
0.760172261835
-0.326063795277
0.380652137474
-0.169481712482
-0.0259834543744
0.220830450028
-0.482983431444
0.149111813947
0.211207772129
0.0704453944762
-0.524442095732
0.52160766178
0.196361453123
0.601485967183
0.28438189427
0.128251778673
-0.395568718774
0.371795135143
0.547356451088
-0.391695793606
0.0620353632929
0.0265724053169
-0.977944157166
-0.393642203261
-0.0704266189956
-0.738646166269
-0.110377360022
0.684163181963
0.405782063527
0.317107175299
0.375080197218
-0.294465507609
-0.381918979962
0.155940374696
-0.134890354405
-0.113263451431
0.415905673711
0.465004844664
0.303180769519
0.0211027703373
-0.232265902707
-0.113762665436
0.0260183129667
0.393538883607
2.77145759599
-0.267692907131
-0.0629071859763
0.0347724672817
-0.446258281004
0.384243437544
0.235992252566
0.183678405075
0.0874957681401
0.73441152751
0.22117792203
0.261248907188
0.093626948479
0.384587029786
0.649095080259
0.019588495361
0.17556763211
0.565221728483
0.0737105979613
-0.0299805555748
-0.528021614318
0.454510692479
0.173700962551
0.712380371043
0.0912862181822
0.205180383083
0.0429614801061
-0.519868860781
0.0844237681894
0.818311096701
0.607699456745
0.379677864942
-0.211408427079
0.0975701880825
0.0416143855921
-0.152861906897
0.638342143079
-0.115339341274
0.0955281851141
0.156106614251
0.317590765981
0.316585827463
-0.542655169825
-0.224253216341
0.563591620026
0.292044956634
0.825516534575
-0.0524935654814
0.13126567702
-0.000760058566129
0.330028898527
-0.270073942379
0.254563058578
0.375967252168
0.0886592293533
0.279865526131
-0.380561073312
0.878023711214
0.191691136472
0.442134415685
0.498863672224
0.197911323775
-0.0376431700012
-0.201994542858
-0.166869067153
0.308138508393
-0.0118712182631
5.82725346798
-0.273574728137
0.286478633381
0.0911527515814
-0.00145673981271
-0.945737934511
1.32091836322
-0.545566770006
0.125645916407
0.0420417398936
0.210824183042
0.12877479976
0.245838854497
-0.145680399348
0.385790028056
0.469567416791
0.78494234426
1.22304164563
0.444336503207
0.790713709413
0.10784942003
-0.46287264971
-0.0844993938911
0.303374034674
0.399577409485
-0.176122511314
-0.171692708995
-0.150959115514
-0.163003233153
-0.189061009706
0.0160255978863
0.0876867319839
0.192428378634
-0.313861742713
0.0423858535452
-0.0605679748771
0.29791630679
0.110620879569
0.176387643283
-0.102183706654
-0.329884690891
0.871949357395
0.192337693679
0.46131519255
0.224401893878
-0.336335862584
0.588014081136
-0.310043380674
0.33161300445
-0.325731688263
0.977801836084
0.456893528959
0.392539697183
0.130201932995
0.504144206214
0.207021588899
-0.145223895887
0.055207309734
0.188574487281
-0.297352392982
-0.192309321895
0.207860479835
-0.187882337557
-0.405203581064
-0.556058535559
-0.473838013842
-0.409292255985
0.106440109517
0.119621492285
0.31339351228
0.507074167118
-0.237603291658
0.0423859483469
-0.0456379435824
0.16768984622
-0.00860004226972
0.507012280556
-0.121812713159
0.197793708022
-0.666283487596
0.179079704012
0.0194950042753
-0.303218552744
-0.262785875326
0.0426861403619
0.0174022539464
0.0595609957522
-0.0811417421392
0.115423610522
-0.153200638181
0.453658503231
-0.0711315195513
-0.0877380481546
0.0165084609646
-0.406201366792
-0.082643913306
0.168225267372
-0.187297875476
0.195515750684
-0.352948830594
-0.120813958084
-0.225457617677
0.646003008414
5.30968246579
-0.293350852691
0.17705637457
0.589989344148
-0.415304714437
-0.301580629678
-0.40755811136
0.185111497343
-0.0373408982086
0.232523317296
-0.237582619661
0.0183213522813
0.311333552358
-0.152770516043
-0.622849604572
0.0107084728668
0.517218105168
0.252427936897
0.241980970852
0.186175808365
0.589705156298
-0.2091911258
-0.435476730003
-0.116360616066
-0.176102739333
-0.595518293463
0.125894962996
0.0689219892602
0.0125446138373
-0.113352095358
0.547382788776
0.507574818869
0.925665682603
-0.0660550403296
-0.195140241278
0.172102171892
0.0749593736544
1.25266212083
1.25226361072
-0.510013359526
0.399034138921
0.844998948918
0.435900246961
0.144010041185
0.677656197757
0.393202987043
0.0171642040995
0.836766217604
0.436002798272
0.419874212741
0.353683340593
0.933466765147
-0.492938346111
0.442666899526
0.380816590128
0.275511427035
-0.39445868544
0.362933626848
0.159037029199
0.249531202304
0.550441880789
0.228551483885
0.3964969062
-0.186213777198
0.148788880437
-0.205774116699
0.125770104843
-0.414124850988
0.227986485639
-0.292091050509
-0.104484239015
0.122944927742
0.558864881812
0.00699648323008
0.0248194520849
0.675507663168
-0.0791245118361
0.895587098369
-0.458689478032
-0.0339383258244
0.567651126563
0.110679258265
0.721800978774
0.633356171291
-0.0908931747923
0.0567897108351
-0.319703702722
0.131070223766
0.64010262517
0.303531215193
0.708522401104
-0.00546608124311
-0.265249721993
-0.249223083696
-0.226774175652
0.327497776011
-0.352205309916
-0.094354235076
-0.0439583632187
0.0519251121569
-0.137341359215
0.546090535135
0.0562558091245
-0.563031193909
0.383065817327
-0.121099662024
0.0966404381718
0.233715108217
0.30646672324
0.179261274227
-0.215199734587
-0.381015810944
0.372940046821
-0.475516699873
0.319460301103
-0.0987870773756
0.397528616608
0.296853873149
0.280572634567
-0.451491612024
0.437207509602
0.188883870264
-0.395267366556
-0.132066743608
0.00828652844162
-0.215295122568
-0.0780468621976
-0.0880543582601
-0.858954002795
-0.536738176918
0.453251529187
-0.076937949719
0.11672021821
-0.127055001945
0.279492108835
0.257516127369
-0.503387567052
-0.218918616087
-0.208219607915
0.105703839507
0.758779496571
0.193974792535
-0.151250936091
0.511474084731
-1.00448632149
0.0484127786633
0.745207153856
-0.23414477845
0.259900142091
-0.448961082851
0.0354942775955
0.207240237024
0.32576360673
0.154670251446
-0.224141192993
0.0629062587176
-0.361029638447
-0.285491206461
0.0286218845824
-0.430728339187
-0.439712545241
-0.231542999936
0.486193535714
-0.474503023744
0.272035259925
0.565455270948
0.243711425179
-0.165228414202
-0.35515705713
0.895100950567
-0.575102472744
-0.907152219032
-0.704973143073
-0.0205978950299
7.26704734875
-0.418161981009
-0.46016915219
0.307069426188
0.225375988356
-0.304725109379
-0.190846410152
-0.166710372605
0.377819219173
0.196709054762
-0.0647198164867
0.0942040178998
0.338833890195
0.0800733707039
0.0471280674308
2.51066973732
0.299220298703
-0.478312218484
0.527677627219
-0.291738645934
0.696524328135
-0.160998047888
-0.352362614608
0.339015348201
0.416023869813
-0.0523203744341
0.520137381387
-0.566630622159
-0.0935204957534
0.389027868133
-0.0812713002249
-0.0411852150367
0.081347915338
0.670811161868
2.0037498582
0.0133610256765
0.0928574510973
0.124512374104
-0.595646110862
0.22327233892
-0.172060241094
-0.0499704692969
0.123405567336
0.698972313922
-0.467301102836
0.291147872903
0.601186016723
-0.755738514651
-0.293752392999
0.218247121684
0.972203038145
-0.240710077585
-0.00821937802307
0.223157067744
-0.158620704919
0.294954348073
0.226969346459
-0.409902430616
-0.269275670468
-0.068000504637
0.744961888646
-0.0963469935086
0.32939217988
0.294952914917
0.18031929991
1.68463244806
-0.823462412977
-0.403706342613
-0.0607115354414
0.470299787109
0.0587156539042
0.00707355568118
0.610576691057
0.440227077344
-0.437502622203
0.00899802157312
0.0410732430528
0.424967299419
0.0435825414733
1.14954385736
-0.201221918976
0.964191438294
-0.448579367071
-0.0473543494472
0.511852778224
0.211493711126
0.182137053421
0.239354543
0.853058453218
0.54074331349
1.30483159324
0.137759837666
0.458048228133
0.750639561183
0.955013019408
0.141597519592
0.400137924417
0.715154105246
1.08926806036
-0.00174670468816
-0.318386094453
-0.16826058513
0.681872262512
0.60940659936
-0.139473362504
0.345386353136
1.18606091836
-0.0409714286069
0.601128331276
0.328110331073
0.696786437425
-0.254840020087
1.07490349722
0.652202185531
0.259783448236
7.13975745282
-0.223042856524
0.287849281406
0.425594089922
0.485639106625
0.636242101415
-0.423087022581
0.672137919749
-0.202447808926
-0.013798427086
-0.0741254433426
0.761848615548
-0.176701373216
0.15355088153
0.982400474398
0.888353377852
0.591769824222
0.412244624037
0.6350474542
0.19823985368
0.233469121206
0.213761758587
0.734601550125
0.338742503856
0.452509497848
-0.345066715069
0.247402207722
0.684127444514
0.480033904809
0.626210540323
3.60267999737
-0.251267244548
0.981259430825
1.67470526171
0.118553624982
-0.034737730217
0.311431582781
-0.532285473567
0.32366803098
0.728807185723
1.09423387907
0.121442170649
0.712781174646
0.103980484375
0.331483966733
0.466807173737
0.771724368946
-0.0942654033316
0.172105485035
-0.0817655268626
1.38870775776
0.33060150865
-0.0377217992333
-0.0607309678047
0.59349840009
0.188712296651
0.37828989258
0.357358252321
0.865262861759
0.85646461962
0.349275375338
0.0442496211442
0.928059421105
-0.0789920458433
0.363744610113
0.192662201252
0.791600239402
1.11577342922
0.160660106896
0.934864779043
0.131556598709
1.30974148902
0.72739667256
-0.121172722939
0.47413695467
0.820128908143
0.987049603985
0.404710999019
0.292753960021
0.503057523924
-0.212949396827
0.453083415901
-0.315128143375
0.114350993877
0.0081750137908
0.484759874631
0.712299077354
0.249625952983
-0.0199566053362
-0.0446381837377
0.173925487825
0.871671398608
0.469888375501
0.416790528504
0.299991217599
-0.0677555466272
0.171913074481
0.678301453744
0.502168338947
0.705261630643
0.713487197028
0.410807577691
0.0477448465631
-0.0690244522344
0.166225258533
1.11690057169
0.397711266187
0.527466102758
0.310667726616
0.673822900872
0.187510791261
1.32610900847
0.667968383405
0.565369659402
0.530147478575
0.362113225339
0.132358980744
0.0319054405388
0.713130297269
0.0212569087867
0.21182900314
-0.154238512531
0.082591109023
-0.337787175548
0.0591276624031
0.352507709763
0.385479726408
0.286694951792
1.32459374345
1.19022653088
0.547792626471
0.718676505662
0.393291682427
0.32991920422
0.4731209579
1.22416464081
0.65960525727
0.824057431092
0.462097810858
0.103110830971
0.612072379577
0.227899578976
-0.260380617468
0.296520738494
0.535007811232
-0.120774460199
0.566104028579
6.80101744328
-0.033316500702
0.758061841158
0.491219576715
1.32120822694
0.992233418301
1.01192482552
0.378697024025
-0.00194256013152
0.246138059806
0.793001195853
0.868667654582
0.836156353577
-0.192261655696
0.775606012715
0.51867907535
0.168268554323
0.161471073196
0.411336247842
1.33694117689
0.428678556672
0.433235982191
0.486223325311
0.163342980279
-0.203904984899
0.415127709421
0.693989870543
0.930046735623
0.347614992231
0.229973625933
0.836062128443
1.07712095075
0.205964518103
0.123013353735
0.209583331657
0.136822373187
0.64739395895
0.676284579306
0.782110622345
0.194736413525
0.492143273792
1.63291317152
0.367346965022
1.04173621832
0.931119746889
0.472992422447
0.0939743381525
0.336175791553
0.214955494135
1.25660201162
1.29499658289
0.32494001924
-0.445149634305
0.935962828357
-0.0339884753262
0.92328034845
0.371035337622
1.2687953124
0.12759027193
0.840241537543
1.03652926709
0.197761602412
0.114500390723
0.832027290427
0.957416380268
0.390746125682
0.422061957754
1.00825480783
0.396171578188
0.613049099262
0.4384535501
1.19211007328
0.510998924633
0.840992010422
0.0936708062185
1.32525591582
-0.361525167924
0.67791701189
0.223725382306
0.555994599224
0.2137998347
6.58134705317
-0.512968366434
0.0148338579834
-0.0686748978053
-0.153142938822
0.384532407416
-0.271783323719
-0.260162012801
-0.747844886072
-0.376007243741
0.199978993972
-0.131897650874
-0.346971670423
-0.180622061693
0.567628617867
-0.334260958918
0.473531746668
-0.572841023242
-0.24501048616
-0.212348688363
-0.221483517058
0.206957638551
-0.150700435846
0.180394633781
0.288813883769
-0.49633042738
-0.48545566288
-0.231684564223
-0.261224060592
-0.233527631958
3.10739040373
-0.228949362841
-0.377628857051
-0.245596856539
-0.439381418095
-0.197813411765
-0.0851009786631
0.292825721038
-0.676269884892
0.52067075202
0.297591814975
-0.0234891052187
-0.184492423703
-0.14428644966
0.0724322943799
0.256146831652
0.279348465876
-0.195770376546
-0.43496637536
-0.169769823746
0.724187735565
-0.105029088312
-0.213970443549
-0.196765368156
0.0612699390256
0.00285882222674
0.326465798381
-0.434608699997
-0.324951771433
-0.430321057401
-0.018316227105
-0.6887052167
-0.305644349135
-0.0793965507326
0.238697596713
0.146414958088
-0.0693875284193
0.0320974378336
0.0185168085724
0.0307663898914
-0.0886130978037
-0.227002218962
-0.282368623615
0.123632483089
1.68101601339
-0.42866340014
-1.60182503182
0.349370404522
-0.0772125612828
-0.384327828947
0.165111812738
-0.520484964839
-0.536234324496
-1.12707418505
-0.211255099974
-0.656976713837
0.121905096011
0.453504108259
0.334699102677
0.217845455682
-0.277161401622
0.407279061063
-0.211580060591
0.876678847606
-0.271832772546
-0.0960168286185
-0.0195224384687
-0.261405288158
-0.169747025672
-0.741060487444
-0.0818140883497
-0.521024317859
0.273364568293
0.0868454912046
-0.893782816476
0.67307676022
-0.0761439088994
-0.468706294569
-0.608030009565
0.382223706141
-0.17459853411
-0.56547077771
0.134896585857
-0.501883984407
-0.0151488652349
-0.780194770992
-0.224129025632
-0.0966097693436
0.528525393026
-1.1135043017
-0.383648737431
-0.0923299005973
-0.0498725335707
-0.745169906341
-0.0537980463724
-0.174912125044
-0.118791368322
-0.705458956273
-0.488187400521
-0.699516577113
0.235400026529
-0.360928864182
-0.0809652245663
-0.453388011758
-0.225303855397
0.161691184324
-0.110032093866
0.193347538132
-0.407749457248
-0.670959220307
0.395676054651
-0.635996940283
0.165085015217
-0.350388815527
-0.893082607388
-0.718500499143
-0.414739654971
-0.520644874249
-0.0633550503906
0.0638148033971
0.211641067455
0.615919848155
-0.299190197243
-0.577095466754
-1.06405349336
-0.0320455183999
-0.590196835
-0.153800125107
-0.195347868547
-0.233750573639
-0.330970966892
0.211136513297
-0.0384664981152
0.0333638977556
-0.357258604195
-0.783590451171
-1.6113528998
-0.728233239131
-0.219712517656
-0.775257527607
-0.147433400894
-1.40402303132
-0.399412086593
-0.381362949199
0.232714506357
-0.799694656001
-0.612369008981
0.162067829544
-0.071279281784
-0.442694866208
-0.4378566012
-0.167739329913
-0.105570535233
-0.763312290793
-0.143614518011
-0.131062407228
-0.474134007207
-0.0140074889521
0.137772978745
-0.231058221384
-0.45397086458
-0.30204074416
0.491280411805
-0.115104643331
-1.15053752991
0.188847724232
-0.167284305305
0.322628902084
-0.173154153811
0.40637453769
0.213919832803
0.321078146265
-0.0467453031601
-1.10081602135
-0.615264227404
-0.31399979925
-0.0878922946184
-0.423688429857
-0.0456825435406
-0.684807161879
-0.440167051469
-0.308182794821
-0.728261700032
-0.701999162626
-1.14874445649
0.266876221736
-2.1266649058
-0.715765730729
-0.51290899115
-0.906388470934
-0.293679291205
-0.32957004481
-0.756341532586
0.0711978569458
-0.887032837558
0.388116817488
-0.440784495231
6.91028345829
0.270019738582
-0.301682144154
-0.350143163833
-0.921226685502
0.67109282387
-0.133920708426
-0.184454427729
0.421048569433
0.491058942703
0.387540398028
-0.599750174693
-0.395419069966
-0.281203456123
-0.403204343184
0.835794821658
0.0581901956335
-0.443371594747
-0.218365552646
-0.588463330112
0.601114015659
-0.501096721901
-0.366736702905
0.96412116646
-0.0605271694556
-0.471446850564
0.173758263423
-0.362199499382
-0.141481986106
-0.660739715349
-0.543682640493
-0.606711584986
-0.336378801137
-0.733286592961
-1.17353214045
-1.63484453662
0.12910685215
-0.772251474226
0.0953429697894
0.056661707311
-0.374024471662
-0.451501340059
-0.681179943742
-0.69047566216
-0.174433900401
-0.567032848235
0.0926088507964
-0.15379608808
-0.0754380861993
-0.20944952775
0.0344610244514
-0.101059824937
-0.644217962009
-0.897118119657
-0.310370551321
0.0139663898991
-1.04033765793
-0.577645967294
0.0189117113003
-0.968690209235
-0.930511354502
-0.219989565915
-1.00716015361
-0.674422071149
0.426397654169
-0.0246472699908
-0.892674178519
-0.333763762087
-0.680975169836
-1.0287826903
-0.145968476543
-0.288397652695
-0.531386675506
-0.703058808512
0.349869922753
-0.0132115791509
-0.788890341368
-0.485576477604
-0.280137365387
-0.803627940925
-0.211800631026
-0.944539686233
-0.246842259925
-0.217380999045
0.0199382263583
-0.376964869775
-0.540013195516
-0.642577744603
-0.697995331422
-0.216520386404
-0.186962201273
-0.112225499131
-0.863118785356
-0.062336118788
-0.174714417534
-0.734881670755
-0.236413132257
-0.800346178548
-0.301053896747
-0.541689326797
-0.0158774161687
-0.153271961562
-0.515189268151
-0.561520894228
-0.438812473437
6.56256259826
-0.259313028978
-0.885647007078
0.214929384931
-0.158309091408
-0.514571321435
-0.292435262905
-0.384617381965
-0.194799785151
-0.47731027507
-0.7330201581
0.0743117853035
-0.0468095374875
0.187329139769
-0.321250518155
-0.145733552747
0.0398025820045
-0.639387538601
-0.301907108152
-0.703971318622
-0.470068347777
-0.190806683179
0.10165445164
-0.586064450901
-0.0972044656397
-0.161476188655
-0.431860332226
-0.610150893083
-0.856978957905
-0.558892125803
0.244741600713
-0.0374363401656
-0.827514532954
-0.386430677361
-0.292728642775
-0.256410993413
0.0983924947088
-0.81762195762
0.710708809611
-0.0714686931464
2.59260006558
-0.479257205612
0.14085487127
-0.118554947522
-0.117868553186
-0.213724191142
0.0548885101399
-0.763879664252
0.301897452697
0.00396220787721
-0.255801554637
0.348702954675
-0.0486683181912
0.0830657683617
0.0580000153018
-0.630431215906
-0.0356421780299
-0.213545224332
-0.319971883373
-0.786870341935
-0.297450208251
-0.539736838727
-0.249386570727
-0.266701867066
-0.799255685898
-0.616587946261
-0.585366041261
-0.150757452555
-0.581945921641
0.407544031641
-0.115117411112
-0.955923686059
-1.11215042569
0.239106331999
-0.282972604985
-0.474148492883
-0.00548464169657
-0.868367905492
0.900114950087
-0.132410220468
-0.401773783412
-0.594790562296
-0.43032434428
-0.493680940466
-0.234695695218
-0.682286388778
-0.340197927272
-1.25692694808
-1.0171918832
0.433259249683
0.682013577764
-0.194333989873
-0.0967561495675
-0.898353883452
-0.467430226381
-0.252998493487
-0.13175604299
-0.57619592538
-0.21212184655
-0.64594137189
0.3402471264
-0.0267448923682
-0.257745666804
-0.397722647883
0.160299682755
-0.367554090119
-0.745343898725
0.578642625342
-0.759904135112
-0.525965876964
0.139957927039
-0.259391816241
-0.220629015343
-0.754543021782
-0.33818026128
0.124931828155
-0.420225348187
-0.606022264245
0.106285389796
-0.10853436419
-0.171897538185
-0.298623175578
-0.258773687076
-0.282932240286
-0.480819336747
-0.245857706005
0.0782965545844
0.0136484848857
0.337326533732
-0.405413873118
-0.0311504085406
-0.643288776914
-0.283922927892
-1.24451518005
-0.394481660718
-0.208068204732
-0.0647335932149
5.57359745809
-0.584504285907
-0.855741888151
-0.261210628355
-0.00159379344092
0.145351149199
-0.520802306752
0.0523488158073
-0.344545299456
2.78967934472
-0.31974133598
0.333019014906
-0.662124694573
-0.0841613528115
0.319275840784
-0.590088771057
-0.274008758621
-0.12801741579
-0.291535368264
-0.206663316834
-0.549110379343
-0.299796999942
-0.305149276442
-0.0915503853531
-0.372183110148
-0.0369094912995
-0.321601136964
-0.2255418102
-0.480004257427
-0.78279249186
-0.404806621343
-0.072223727156
-0.262967580259
-0.0531946523846
-0.144028397485
0.320089023583
0.154966357065
-1.04165701751
0.0859264909666
-0.0781663955949
0.0133688684843
-0.55090923335
0.236099199563
-1.33933750535
0.619065418604
-0.157672290479
0.642705163685
-0.666761745664
-0.825017192179
-1.08682922998
0.0287291315361
-0.65272616511
-0.331569786454
-0.00987335618149
0.00884626536947
6.98112586841
0.101818658265
0.539875168963
0.316265530533
-0.705517094513
0.279433580584
-0.44570634716
0.144320175394
3.55797204612
0.110419483543
0.0643814787238
0.0728846691952
-0.28393126335
-0.101360424053
0.46652260974
0.141764519347
-0.333783172659
0.112372254844
0.172099530547
-0.518292622039
-0.229347484987
0.0262281149959
-0.419540413004
-0.485401285529
-0.335427190616
0.341822338338
0.45144235082
0.00869140372426
0.0897154267897
-0.127767627531
0.597423707373
0.114635149538
-0.231534944524
1.00256954083
-0.395474800824
-0.970006075308
0.125444545236
0.0780352544194
0.0763201515142
0.0747781670706
-0.41906095879
-0.333705462976
0.115190531158
-0.648845862939
0.149958752786
0.323549280119
-0.126666716522
-0.59868822167
0.13936310903
-0.29801236349
-0.649319228314
-1.0208475579
-0.305751374401
-0.03377816822
0.101446749284
-0.63901679936
0.00347628069022
-0.083557709826
0.162649677221
0.133752002945
0.313066254416
-0.490476639284
-0.181740904644
-0.245040730645
-0.607717351037
-0.166538944122
0.0331268079771
0.125219578289
0.126291131445
0.205769147214
-0.236427756788
0.811485510914
-0.182835110898
0.479052290282
1.5466334525
-0.247013919318
0.22412780078
-0.0679923952515
-0.183232153615
0.046302133353
0.0300274242165
-0.559028337164
0.696023067402
-0.0660980704967
0.33756707428
-0.12358446444
-0.135560501991
0.0765967705333
-0.284612563414
0.992994081867
0.120527506136
-0.154629190284
0.123597384126
-0.493805672409
-0.278009054227
-0.203051551338
-0.320488112247
-0.208399654026
-0.30813826462
0.208836527592
0.0569003450424
-0.452283837535
-0.325032318493
0.214662333741
-0.125389284964
-0.455602533455
-0.552585890004
0.234926813202
-0.391772767529
0.00606773745938
-0.385025051558
-0.550942686802
0.396860473552
-0.636044599824
0.0643591554069
0.11800024527
4.41277123215e-05
0.217853261045
0.598812207495
-0.564949697585
0.519312479476
0.190910128223
-0.0675027565999
0.146765715849
-0.0475252624606
-0.229368816534
0.239317915831
0.783155024931
0.179560103789
-0.366424893458
-0.706019427338
-0.0838088653268
0.035714467406
-0.437463046557
-0.131805102245
-0.0498075051612
-0.522140518301
-0.249030226959
-0.226837164236
-0.0714415028928
0.0485399937304
6.75912255339
-0.369998823503
0.667281064676
0.22881369195
-0.12177141877
-0.154497047209
-0.184382832575
-0.420450278517
-0.362216579656
0.0358149562799
0.435294719214
0.0851414262142
0.626840019273
-0.0571966685231
0.734908871618
0.331223154278
-0.72148251441
-0.488866474882
-0.567961946209
-0.104589901877
-0.411609299355
-0.541193284923
-0.438790360034
0.800844653105
-0.338584278913
0.0347520235228
0.175330928865
0.426021653171
0.102218508976
-0.176510771689
-0.915591957548
-0.174187119551
0.553433814739
0.171187443857
0.120677709613
0.369675884693
0.729077282164
-0.586754231295
-0.0976168479538
-0.541501109544
0.0289874306923
-0.117797805328
-0.678416857044
-0.187600295188
0.268550980604
0.0708325923549
-0.00246899618407
0.276102542095
-0.298706898473
0.0455855733118
0.347089668738
-0.127433396119
1.2973329136
0.124882359442
0.712297752289
0.194646512169
-0.852316940351
-0.0497404357912
0.459766591027
0.463011039974
-0.522387878886
0.125996825453
-0.25392263912
0.627707864282
0.252890477913
-0.196398936188
-0.328689302626
0.0066739466965
-0.119756258091
0.0390639930734
0.306515401195
-0.130944980434
-0.0770474682611
-0.0429125343494
0.491043175288
0.303917154801
-0.417049428135
0.25022515245
0.456898825621
0.0680812956905
-0.251714255415
-0.292854978941
0.475656442398
-0.0611173835121
0.472105119379
0.189143572085
0.0987225213998
0.0652191268759
-0.477754952999
-0.246842280025
0.310152001904
0.150712932199
0.0678670805991
0.403154446164
-0.149359510189
-0.217516211939
0.463332933667
-0.648273815214
-0.343958946009
-0.51370638074
0.645996959653
0.234031478214
0.139234280948
-0.562987802704
-0.0611000594689
-0.605232721633
-0.110380327749
-0.327686793823
-0.0373110946279
-1.15211555061
0.264165643867
6.9498518895
-0.180957761852
0.306817380106
-0.436819053429
-0.837195662531
-0.0991760421654
0.091969529775
0.387693136269
-0.0443705663485
2.79602771938
-0.0347940211902
-0.388203586236
-0.144765404225
0.555088825894
0.161255131976
-0.246502639332
0.536109699817
0.141314899474
0.605245502554
0.0401951253929
-0.204300082384
-0.0177284122243
-0.179842148815
-0.0386604277175
-0.0676832587023
0.329102858634
0.00893134305421
-0.129513449202
-0.126472805623
0.663859052067
-0.478011102453
0.418701099931
-0.0663948617465
-0.148487477046
-0.0906544401304
0.191078715354
1.39492064471
-0.165875118107
-0.200784457367
0.0681377034965
0.182499572081
-0.177713313822
-0.0534618911968
-0.510517079601
0.1760394113
0.155714917164
-0.184983386852
-0.530415202207
0.319217403912
-0.300731232664
0.0987977268987
-0.517647806429
0.453744331414
-0.443027612647
-0.345157530896
0.575804767252
-0.0878050226914
0.118597265607
0.208959645786
0.120425608774
-0.492756888234
0.031114550654
-0.463642232515
0.0850390098923
0.299653194357
-0.0538876713887
-0.110039335128
0.230447524155
-0.93410877487
1.09273408801
-0.316855046765
0.0102860382409
-0.175300304176
0.440187656623
0.21755042971
0.412151135804
0.200471205824
0.25039704609
-0.246354441901
0.189061527892
-0.681627215901
0.150163815599
0.368675893598
-0.175953964069
0.232600283619
0.11752449516
-0.455468573095
-0.0523295486996
-0.515792122692
-0.0544292314128
-0.150434676891
-0.000235220780027
-0.127778971004
-0.216176010676
0.21945136851
0.0560909584871
0.063323225906
-0.259245813791
-0.0340880195961
0.464146029335
-0.0316920079861
0.11836903016
0.603414424151
0.140417966231
0.0544956615758
-0.253357423128
0.223670952529
-0.13626316558
0.407998749981
0.48859437898
-0.00258419624419
-0.491538391727
0.288523502234
0.428579053371
-0.0255765975354
-0.604453577831
-0.000281507740084
-0.798381317184
0.31874603176
0.172159853971
0.335893264282
0.190203654567
0.653024148063
7.36541846204
-0.295633228301
-0.691622223732
-0.0188710336449
-0.467507029942
-0.229480657481
-0.192165112501
-0.21163649134
1.35755111595
-0.837874307064
0.0700726265892
0.417988640732
0.422187348854
-0.846456878216
-0.69631636041
-0.499449911509
-0.260791212102
-0.258091386805
0.206329247395
0.19862288908
-0.563703981916
0.403169434742
-0.425131722058
-0.29875874662
-0.0791885850434
-0.452162892084
0.692165324535
-0.0929498346747
-0.452524407213
0.238160014956
0.110623864963
0.454519717508
0.668197351408
-0.354383442968
-0.866782024945
0.00404308479861
-0.0876874664878
-0.0133183889458
-0.182188118112
-0.0491113151043
-0.587844941572
-0.332197521336
0.413256373325
-0.44263263153
-0.544450905923
-0.917634511444
-0.182400467522
0.340094036199
0.766989320413
0.0301666256586
0.0660720757539
-0.847060326169
-0.515173196277
-0.370040992572
0.178505761562
-0.0878712478885
0.308651876963
0.0931795920527
-0.220169769365
0.180617252197
-0.430339364343
0.482447441471
-0.00234576197541
-0.127807091387
0.0986028302194
-0.321833204959
0.194904701188
-0.128623748665
-0.0988933093416
0.0958736429648
0.483113345134
-0.282671341065
-0.284566675107
-0.185052224776
-0.926618083114
0.0696581124554
-0.178896245208
0.254217038437
-0.202526123508
0.24970714021
0.357741552849
0.0842790904803
-0.462262741164
0.0119405467451
0.0389114497212
-0.387401841995
0.780623557137
0.0165950284059
0.298028021895
-0.0727810180482
0.711369262892
-0.487303444687
-0.0451480609995
-0.519990713018
0.183415145443
0.482327755507
-0.458117213453
-1.08532636034
-0.593536484846
-0.556970577999
-0.504612567307
0.382849348552
-0.87874990048
0.121994085777
0.290673090616
0.161324419882
0.396794777736
-0.503571300358
-0.0834246558619
-0.30979179142
0.0333078062017
0.641544025463
-0.283089181772
0.106120560985
-0.218283416128
-0.324136675632
-0.00874112525227
-0.121188739319
0.638425638544
-0.573400281361
-0.364349689603
-0.338487289467
-0.656631062145
-0.501685145055
-0.105358140902
-0.334900552949
-0.0889212344664
0.0493979751415
0.0337112474986
-0.631020554014
0.00320768000538
0.0672993694967
-0.433879346955
-0.119859696844
-0.232357144331
0.163091479791
0.150090637668
-0.775484816072
0.518420463291
-0.125618438524
0.293428683572
0.388891624002
-0.767908479588
0.339546127641
0.277459964368
-0.373918375867
-0.215342727442
0.0994261881644
-0.232679557703
0.430522129919
-0.410418855026
-0.12394446344
-0.0028478022831
-0.765975357351
-0.150977796837
-0.272059106456
-0.834238179884
-0.374612585263
0.269480770161
-0.170263602948
0.163803378959
0.00268301173882
-0.446321508824
-0.581797332017
-0.074901723023
-0.301269152095
0.123227495706
-0.764803925767
0.199274387015
-0.0593685657458
-0.892412873688
-0.535899210999
-0.372280048101
0.289864293698
-0.554147912077
0.0339429550632
0.226204082591
-0.204579817225
-0.201348869635
-0.181983998682
-0.545295468566
0.0187322087668
0.0878816214504
-0.544943824872
-0.419713798661
-0.367780689573
0.255129784089
7.09348876042
-0.0875822078906
-0.349214222902
0.185576961399
-0.179624751135
0.196949847189
-0.214589246909
2.96379336854
-0.107402281462
-0.345057317707
-0.037151916555
-0.356675053469
0.0518664431047
-0.0245673447284
-0.394174795558
-0.75087086923
-0.394511881471
0.0122951160856
0.191954003532
-0.851188390957
-0.02458755922
-0.286248147075
0.364922479995
-0.26760924295
-0.0716443495571
-0.403777219423
-0.529022671288
0.384117515746
-0.172594150937
-0.246217619965
-0.225624556665
-0.0933973756163
0.0858498486686
0.146062619881
0.198935897683
-0.0124449113263
0.514047900192
0.2751649585
0.293626529771
0.0922885814613
-0.471406758153
0.255940135363
-0.0564203747826
0.0015430196061
-0.04615956098
-0.207235994256
-0.168596719074
0.338562254502
-0.50080577761
0.190916678543
-0.00330374366887
-0.322095773464
0.147028616763
0.44623850628
0.340807048099
0.123454440732
-0.0556597074065
0.230081960858
0.00583116717901
0.113910793102
-0.200144403913
0.121543491078
0.112168514314
0.383357701897
0.182145812639
0.318227781291
-0.0520935315802
-0.127681691401
-0.744751922283
-0.958575220466
0.48745466174
0.365182602608
0.0775063656522
0.270493283087
0.370273187797
-0.274043571829
-0.0235187923884
-0.342120203472
-0.0388148173013
-0.537035980289
0.135077185289
0.203509470053
-0.750342707956
1.75750757494
0.164516167517
-0.670416857724
-0.467051134105
0.446169317969
0.412618136729
0.0261353772276
-0.180817702606
-0.312375785176
-0.0473721698785
0.376294404669
-0.437900146819
-0.548554073311
0.288332446454
0.307350950281
0.303336947555
0.529875156208
-0.0280331773004
0.276993469847
-0.195728899065
0.952432271949
0.175723908919
0.179238160638
0.0479172223859
-0.115912737853
0.144838685607
-0.0193143287465
0.259760475847
0.537605770744
0.779279407286
0.0149990165309
0.355361035005
0.240277069792
0.432723623143
-0.133493029013
-0.224612048521
0.162651521123
-0.347386161032
-0.673726717143
-0.363239723382
0.249378401393
0.0466003731755
-0.0489198707353
1.04340796103
-0.0829349548344
-0.17404759321
0.351517752089
0.0381267858177
-0.175981595273
-0.497545712066
0.0158350836023
0.0103518806255
0.310396797202
-0.400099680994
-0.0636234640065
0.165223822957
0.315100653226
-0.507505933629
-0.25107825007
0.492621684247
0.130471315158
0.0975447389974
0.224720664057
-0.0377267301495
-0.541260632123
0.0282461479081
0.0197341255214
0.218544396893
-0.867447641777
6.27561493954
-0.289384960404
0.269186709676
-0.521606063955
-0.489759462851
-0.0826410067185
-0.0604803962585
-0.092428349549
0.330893507548
0.49153895256
-0.193031790976
0.29378352381
0.212886512497
-0.543854468188
-0.0857105324483
-0.0840019022422
0.176052571928
-0.0672269296525
-0.813825428415
3.32903883332
0.107865089319
-0.542853751632
0.508260291597
-0.50136404186
0.2156230765
0.243437511723
-0.217798222746
0.747278865236
-0.479717766487
0.0394104980848
0.654581738259
0.32158084306
0.227157415231
0.336716395272
-0.284010839175
0.812711718708
0.171505169614
0.160625766068
-0.219288644029
-0.0309233018158
-0.0735896447495
-0.087985282189
-0.586242654728
0.261693648656
0.0499644157431
0.0490843710769
-0.3614612764
-0.244020873434
-0.401203466191
0.0392033398967
-0.738715105794
0.0154729327821
-0.0266466053234
0.371541032295
-0.580825342597
-0.0596279885229
-0.382255528534
0.189338833732
0.038469349271
-0.187533392752
0.100754704639
-0.135775647506
0.0141763809561
-0.430028129863
-0.157826133475
0.0754369459788
0.00330579747121
0.217899922317
-0.567704904139
-0.560204676126
-0.981436072442
0.124488912579
-0.0190318555055
6.89819530749
-0.213110565082
-0.343251829448
2.72403063483
-0.414776198046
0.0398538755956
-0.521362806944
0.277062770165
0.316387916783
0.675184297779
0.121232174998
-0.0823387242249
0.546220417168
0.0168948314573
0.216002184617
-0.321155027006
0.314172542122
-0.0331750620744
0.528048474134
-0.138393461398
0.133193281187
0.030463060795
-0.475672707304
0.514906154127
0.273335733993
0.166591792835
-0.102488655985
0.0122394923138
-0.671932744914
0.360899838392
0.333518611409
-0.454749302623
0.689478806452
-0.102204532074
-0.0820692432396
-0.0703916299267
0.371146828186
-0.278560790123
-0.208899454762
0.0503047260915
0.330831317933
0.640348681716
-0.212460623871
0.539990939221
-0.467927001983
-0.511801135278
0.378926740939
0.108930441725
-0.288281779736
0.168547088682
-0.165427239303
-0.051203297347
0.506385104708
0.459596590778
0.261092660132
-0.67116782385
0.0258105893258
-0.27185538544
0.060445967653
-0.281270357412
0.207779178415
0.111969859783
-0.248651356151
0.22934240339
0.257807085003
0.0837714138343
-0.100219738409
0.198468692605
0.588869661258
0.00433151365875
-0.340695547514
-0.666810410974
0.44223078584
-0.041712435553
0.520885177145
-0.260023880101
-0.0334404937183
-0.667409238388
0.242539652639
-0.389558980973
0.246575159934
-0.11255754298
-0.2421702611
0.505872687607
-0.403665421862
-0.0351752198477
0.436692375988
0.0709585864409
0.75133881774
0.428800124468
-0.223718706419
0.266250427026
-0.867447394293
-0.152505852041
-0.266526245158
-0.0127329881238
0.074352565507
-0.258632458689
0.0955909319528
0.453962782635
-0.66299638462
0.152303514106
0.484909744592
-0.0465053256075
-0.688535728988
0.0337682053038
0.0687494124861
0.385083530529
0.0327022320364
-0.314794064851
0.169082646964
-0.401611112067
0.183378059551
-0.104964031494
0.600267102545
-0.304373511322
-0.225497746278
-0.678385289915
0.308751943251
0.717381767432
0.102603696748
0.0456665320833
0.158790575965
0.302357504592
-1.46192291057
-1.11384012921
-0.303111968512
-0.32174080979
0.735323543663
-0.107976994829
0.0107518612802
-0.348998914382
-0.303277297125
-0.330507840858
0.220252265583
0.585573655786
0.469817542479
-0.70437746613
-0.527705064651
-0.186979802475
-0.437486663304
0.0904758220189
-0.357939143721
-0.507689438481
-0.769206166006
-0.120203488806
-0.102559826448
-0.0118374550926
-0.628253569617
-0.186231631845
0.155123994852
-0.0413902083642
7.21884264163
-0.185984241942
-0.284150328391
-0.162070954196
0.0445974280075
0.659621219642
-0.258366581179
-0.353618557436
0.254120637265
0.525609796085
0.155691913754
0.224746676301
-0.216723866415
-0.389063324053
-0.361277455308
-0.44274954496
-0.430907453347
-0.339325359561
-0.179704960995
0.208104407281
0.0267083565604
-0.316473428054
0.373879066426
-0.00819657097196
2.722645419
-0.150931905716
-0.506913607098
0.170821663641
-0.0653713676513
0.0700242752409
-0.300287721051
-1.04580432176
-0.368747052563
0.851467202326
0.0549807480621
-0.155150127965
-0.0822469610826
0.0559059543352
0.0884815798898
-0.107610977742
0.119906288593
-0.333930986389
0.199381945769
0.204322990063
-0.574575622816
0.00116189295373
0.230776435471
0.0703486684131
-0.275403841273
-0.111353117324
-0.150155742979
-0.297204995507
0.118018864288
-0.243736074633
-0.215691411071
-0.0113490684695
-0.662659275737
-0.461540308725
-0.336609640295
-0.274146528101
-0.47537945654
0.267727435239
-0.102809094836
0.00412549428217
-0.388835698443
-0.678440762481
0.121569381339
-0.309210525066
-0.899548905813
-0.872424629271
-0.621969649667
-0.104603445141
-0.641068347629
-1.01385371142
-0.709116143534
-0.362742630044
-0.169591012552
-0.629180679624
-0.52931731656
-1.15183221342
-0.155350224693
-0.525398506659
0.253525231316
0.258170048536
-0.715041551505
-0.854349420798
-0.30088482121
0.270004849295
-0.5867285788
0.590564722168
-0.634222407163
-0.469134637236
-0.0729659450955
-0.301363793267
0.248014413226
-0.526416747006
0.182492196831
-0.0424124390794
-0.451410270989
-0.431571438727
-0.0904937598613
-0.890645295965
0.439399703245
0.145352717285
-0.914832307408
0.0371581377332
-0.0348565469558
0.493829896185
0.371997098228
0.669666201286
-0.0845634444727
-1.00427908484
-0.597047085134
0.231222920641
0.137850330539
0.477292822608
-0.482545188131
-0.317257626066
-0.255997188776
-0.138774596577
-0.455281021057
-0.238435667361
-0.510451519734
-0.491751141694
0.119577424053
0.68116178067
-0.0152829152579
-0.000302135965079
-0.658046186362
-0.420286161594
-0.139663589211
-0.273965044848
6.75787120442
-0.155547897666
-0.317448753434
-0.534545766459
-0.117049034862
0.21773195572
-0.0647183880532
0.185121434526
-0.541537541282
0.2011809266
-0.560550510634
-0.204126701066
0.357567392649
-0.226385597405
-0.380583202798
-0.316451183292
0.165760429019
-0.686345509017
-0.649991235343
-0.179173237183
-0.0539558020919
-0.0339256019723
-0.637400118425
0.00345241712023
-0.177421041454
-0.117775820795
0.12947143519
-0.277241514021
-0.555312207803
-0.26919485156
-0.625901546016
0.1037571168
-0.243572133538
0.275430141168
-0.261818314717
0.100419891844
0.102541632075
-0.34155280547
-0.18847863441
-0.0662436686961
-0.280062948191
0.419574026482
0.525308230175
-0.2644649391
-0.234865715088
0.108606571668
-0.216615947993
-0.231796143214
0.380124434253
-0.524370139554
-0.107955142336
0.0392706964975
-0.137097866977
-0.474001876434
0.0325233829819
0.427587322788
-0.409330105276
-0.175871368969
-0.0469486264068
0.310872425683
-0.0507982633875
-0.0689151206593
-0.140430667876
0.0283620690257
-0.0588822707961
0.334198188902
0.0401877502269
-0.0942135157601
-0.591633927274
-0.456383847093
-0.0237618257306
-0.552412502583
0.00813265775169
0.384659428657
-0.954809541086
0.228684073722
-0.112525400619
0.153887792808
0.397947672703
-0.148356983122
0.0769610854615
0.0456527419417
0.406942081088
0.159488842141
-0.0189813652018
0.155046695793
-0.108739029085
-0.278378813416
-0.097391350839
-0.173164067379
1.23376100799
-0.148870292816
0.00399410221263
-0.181939156341
-0.166081135072
-0.103033535809
-0.215246668943
3.34999160417
0.297344242011
-0.460528445827
-0.219833687688
0.10547415818
0.341743401856
0.00843541279905
-0.044342306662
0.419463177418
-0.364505221594
0.163564344149
0.215460276141
0.0811411123703
-0.442744069077
3.36694737738
-0.173868318717
-0.256982312983
-0.0429780255101
-0.282831055567
-0.0252369678518
-0.111302339279
-0.236675909303
-0.0173622626389
-0.337540957025
-0.09988171171
-0.155962249439
2.29931663102
-0.854537233696
0.0115532254695
-0.320368459774
0.242103432253
-0.316964683473
-0.489893356719
-0.494263703808
-0.219756426219
-0.144574757058
0.0559332413858
-0.701301382154
-0.0329705032555
-0.750733833351
-0.165320361521
-0.166310047889
-0.620063669136
-0.363478145037
-0.458609509809
-0.417973263041
-0.376243055019
-0.491320705688
0.177809594162
-0.305786221844
-0.15124122319
-0.689536716274
0.279457578581
-0.315105034107
-0.300677095293
-0.236751584969
-0.127550099037
-0.363331822558
-0.833616447995
0.249834131784
-0.423339013485
0.098905935645
0.113467072393
0.159751942587
0.527280340599
0.130065437497
-0.126481146326
-0.747670716601
-0.172568495936
0.0531962762305
0.103707235436
-0.784920814245
0.606168407768
0.0551448710522
-0.619231146331
-0.793883537522
0.0669761192319
-0.209407230071
-0.260656437756
-1.01643794184
0.268390897021
0.221411073629
0.0129806553954
-0.725931066002
-0.42871610504
-0.363536612596
-1.03254075776
-0.0142673774426
-0.379149746344
-0.0170994336366
-0.346261588176
-0.388167094108
0.237762370137
-1.02219003772
-0.0101982638871
0.0161176310436
-1.01311383666
0.135968662098
-0.255796273037
-0.0527524812855
-0.852910040345
0.381459258246
0.236699573398
-0.571861255312
6.16061379017
-1.54180123839
-0.527832397327
-0.99530793153
-1.91958808066
-0.527464908934
-0.341212279432
-0.0331395551316
-1.0666348982
0.358283244205
0.183677245831
-0.291714785293
0.191300358049
0.0087355191663
0.106196613897
-0.649771897084
0.216772136584
-0.39041691961
-0.221815240435
-0.367943191041
-0.500204010109
-0.522387757963
-0.695457508225
0.0511250637048
-0.794055578448
-0.00203795882565
-0.340472260594
-0.481671245895
-0.0887524238881
-0.384873600774
-0.490196335383
-0.196764499781
-0.762209637754
-0.0416919175366
-0.974407562024
-0.254557271984
-0.660846038187
-0.138291576474
-0.638495958103
0.0452376429124
-0.432783000513
0.124201800948
-0.31443025975
-0.853287236497
-0.903660091178
-0.686221320531
-1.26928553534
-0.0726254832373
-0.0896246699374
-0.207105338348
-0.0679361046658
-0.177897922774
-0.376291893144
0.0519418616567
-0.498245855629
-0.624942678623
-0.398940173211
0.371594080594
-1.10916129947
0.444563897385
-0.339066881474
0.141465480669
-0.1767225529
-0.873545518772
-0.802531620107
-0.0281778502645
-1.01021161487
0.369470850778
-0.444965751343
-0.552434482201
-0.555750466115
0.320395332969
-0.252369675187
-0.207129774207
-0.521124132879
-0.0754695793316
0.0204474002374
-0.454343724435
0.0893088830834
-0.725929569356
-0.764808219689
-0.502282713058
-1.00155119333
-0.0515179432929
0.525123271417
0.544414775198
0.236922844629
0.38112083282
-0.775874701215
-0.726132493856
-0.76490802337
-0.322802128755
-0.16715532916
-0.253354894563
-0.106097784852
-0.238200674307
-0.29959548847
0.124375486371
-0.425483378149
-0.621841860058
-0.611302871259
-0.232207170188
-0.101572943637
-0.531659059087
-0.388754366887
-0.868188044184
-0.827113898643
-0.479920546524
-0.539551544743
-0.392049977534
-0.0118288928649
0.216475292406
-0.561033607829
-0.439794171664
-0.185650367245
-0.262467535096
-0.130002691443
0.132504999134
-0.311030983067
7.2548483745
-0.167907571959
0.185208020061
-0.541166938598
-0.312658169051
0.61203457433
-0.182600919711
0.651579648842
-0.977791107023
-0.136145809409
-0.043598836084
-0.0560962833341
0.495454365748
-0.234025510255
-0.21288660344
-0.101214364477
-0.806617928246
-0.133586934236
-0.87091093562
-0.0492381686175
-0.280377294678
-0.805187015596
-0.21675652311
0.577400605643
-0.60587358241
-0.553956504007
-0.269378063029
-0.130482183352
0.335015585441
-0.633369836503
-0.952572219965
0.172530962373
-0.38777128013
0.140021260862
-0.426071047405
2.57384622434
-0.0366386789195
0.248185365479
0.0265225904243
-0.32579353238
-0.102411321089
-0.721180378538
-0.357999415276
0.0329525649633
-0.474602884847
-0.0621223774442
-0.506743199355
-0.843001467271
-0.794482459319
-0.00575845523414
0.000168134341266
-0.284826230092
-0.906465563706
-0.120932285936
0.0703143537532
-0.243524453996
0.13247059497
-0.259280610826
-0.532308779357
0.185793190003
-1.27863728011
-0.784745943254
0.166684232629
-0.498280558939
-0.255242730512
0.312034221145
-0.644540910453
0.737631672706
-0.118817420136
-0.476786185044
-0.185587621441
-0.0578678939526
0.538225014632
-0.151258446004
-0.36762407016
0.295177632844
0.0660772520726
-0.324952520516
-0.687044899922
-0.965471296814
-0.322127584219
0.41067894603
-0.45714737314
-0.487054577284
-0.119743488281
0.109630494979
-0.30109226383
1.60143605072
0.14915287302
0.0700271666728
-0.916642378772
-0.349334103669
-0.378195861246
-0.31358276318
0.678369243664
-0.907410680676
-0.190898844249
-0.0966213759479
0.0223480463756
0.0207992317322
0.0484193080079
-0.056662751847
-0.576639222014
-0.23225798394
-0.461123337538
-0.194182932962
0.363421654902
0.616250540404
-0.472416163775
-0.388489205613
-0.453166395639
-0.390798301389
0.208896646744
-0.570182876819
0.116721899894
-0.256508811485
-0.270321742169
-0.583004204743
0.207305505401
-0.471061323386
-0.255335316097
-0.41832167159
0.114441140933
-0.603447103321
-0.240236104869
-0.0913061339733
0.546316974964
-0.557580460801
-0.3315192963
-0.743344467214
0.582658591456
-0.0545047169483
0.770922404634
0.435255661681
0.516076276276
0.753927399374
-0.123376120687
0.00767535583146
-0.486732194861
0.751776035887
0.445806267262
0.365137343727
0.088467795106
-0.247471160573
0.217464458115
-0.150782815983
0.162109788833
0.066325051358
-0.299902154816
0.142543400247
0.00292345555219
0.141440693098
-0.162508936032
-0.827322705165
-0.179975521253
0.316644567489
0.00873212599451
0.923997129095
0.663203891893
0.215201598131
0.439616535743
-0.383160483386
0.0788865016792
-0.274004518735
-0.10796243086
0.0945507323767
-0.514645504375
-0.282765323436
-0.128334853111
0.310793667466
-0.678020236288
6.54205073723
-0.190121833642
-0.172893781977
0.10533718758
0.0967242544063
-0.0059624943345
-0.0846392843089
0.066395854675
0.609287270951
0.14584299514
0.821797083376
-0.0553485189025
0.26898752471
0.630594806098
0.00857127139356
3.27246744404
0.196951691275
-0.370339404997
-0.123858355261
0.0359838140821
-0.105165306194
0.351241859954
0.299352091915
0.086125490737
-0.298403351801
0.386620329294
0.291811123537
0.423218472729
0.0219376985061
0.547526130123
2.2073219414
-0.468676213418
0.15634571699
0.229728194779
0.0482847727065
0.0756323570853
-0.237286538335
0.260055454137
-0.246729744061
-0.160084002346
0.119204209747
-0.022919852976
0.0655420183941
-0.389267351786
-0.318066008851
0.147336690335
0.125056524501
-0.430714546679
0.834735352968
-0.0016424112661
0.489540551483
0.395346662767
-0.485009382537
0.692166573461
0.0575727111811
0.513628320418
0.283898710909
-0.162112949909
-0.00401359712835
0.391958097319
-0.378199305602
0.0941202440103
0.156431719711
-0.507452748132
-0.112929804351
-0.118783610179
-0.0373061408198
-0.100846780999
0.241218710933
-0.0915884063331
-0.836898029527
0.730146972852
0.896145650215
-0.142765226624
0.898445713074
-0.287425142186
-0.0398283330421
0.174016378851
-0.306607442222
0.0264174719455
-0.0426542962582
0.336833895483
0.316070981416
-0.0530498827023
0.476835294897
-0.427072250658
-0.0668273879855
0.271999409258
0.087326425023
-0.153421001779
0.15741273858
-0.121705426743
-0.154630083289
-0.27644338501
-0.515161845163
0.834101241247
0.1173251902
0.524564460295
-0.110906246123
0.0915208070343
0.224825917969
0.244411645179
-0.108061893799
0.427374695193
0.195730466463
-0.030978476672
0.0647504183194
0.871081932061
0.505529380486
-0.456884209401
0.0785249080561
0.164648516462
-0.332210976622
0.217356773995
0.150908173497
-0.14888895966
0.0333900622704
0.360063462274
-0.0919628685152
-0.665536646236
-0.313479383907
-0.485933743006
-0.0509956680074
0.02676075996
0.25674879752
0.204548731165
-0.360358735343
0.490682238867
-0.165926993716
0.342856330963
-0.281354469888
-0.372964729391
0.127924249698
6.07161495474
-0.206335273154
0.329211457246
0.362849020983
-0.592829839363
0.731185513749
0.270439510409
-0.0220453802407
-0.0188086489971
-0.360037381613
-0.108798121376
-0.361642912076
-0.361928055389
0.0849234399353
-0.175177011215
0.272972848703
0.103471389678
-0.043923445358
-0.169209611846
0.0404566426985
0.253055366035
-0.141744356734
-0.794660048089
0.418222907217
0.317624049956
-0.355898570114
0.184789526524
0.480909391429
-0.48587840868
-0.060089211082
0.202738770976
-0.0628315978509
-0.574744923941
0.200640618526
0.273710185638
-0.278400846941
0.361235355224
-0.29491237944
-1.01118771376
-0.379642996163
-0.0613853235584
-0.58014272377
-0.35257925011
-0.42269426146
0.0580802629866
0.485642652099
-0.040721018343
-0.285913456298
-0.0629095583197
-0.225529709334
0.196756823503
-0.128145453403
0.460890301063
-0.431761788288
-0.0753397154626
-0.117707007548
-0.608897032021
0.194006704624
0.105012605975
0.596764025506
-1.04271891341
-0.467866271949
0.583261261809
0.1640724397
0.0352739629953
-0.052509243384
-0.193066037778
0.205379356803
0.257503767292
-0.0783109831745
-0.333721827509
-0.0307825353272
0.105022690402
0.10894711419
0.185615418898
0.193687049525
-0.344924413833
-0.26199185257
-0.293172521166
0.187960202028
-0.670989126705
0.0246890030861
